#           k/h    P           
   0.100000E-03   0.392311E+03
   0.102020E-03   0.399961E+03
   0.104081E-03   0.407759E+03
   0.106184E-03   0.415710E+03
   0.108329E-03   0.423815E+03
   0.110517E-03   0.432078E+03
   0.112750E-03   0.440502E+03
   0.115027E-03   0.449090E+03
   0.117351E-03   0.457846E+03
   0.119722E-03   0.466771E+03
   0.122140E-03   0.475871E+03
   0.124608E-03   0.485147E+03
   0.127125E-03   0.494604E+03
   0.129693E-03   0.504245E+03
   0.132313E-03   0.514074E+03
   0.134986E-03   0.524094E+03
   0.137713E-03   0.534308E+03
   0.140495E-03   0.544722E+03
   0.143333E-03   0.555338E+03
   0.146228E-03   0.566160E+03
   0.149182E-03   0.577193E+03
   0.152196E-03   0.588441E+03
   0.155271E-03   0.599907E+03
   0.158407E-03   0.611596E+03
   0.161607E-03   0.623512E+03
   0.164872E-03   0.635659E+03
   0.168203E-03   0.648043E+03
   0.171601E-03   0.660667E+03
   0.175067E-03   0.673536E+03
   0.178604E-03   0.686656E+03
   0.182212E-03   0.700030E+03
   0.185893E-03   0.713663E+03
   0.189648E-03   0.727561E+03
   0.193479E-03   0.741729E+03
   0.197388E-03   0.756171E+03
   0.201375E-03   0.770894E+03
   0.205443E-03   0.785902E+03
   0.209594E-03   0.801201E+03
   0.213828E-03   0.816797E+03
   0.218147E-03   0.832694E+03
   0.222554E-03   0.848900E+03
   0.227050E-03   0.865419E+03
   0.231637E-03   0.882259E+03
   0.236316E-03   0.899424E+03
   0.241090E-03   0.916921E+03
   0.245960E-03   0.934756E+03
   0.250929E-03   0.952936E+03
   0.255998E-03   0.971468E+03
   0.261170E-03   0.990357E+03
   0.266446E-03   0.100961E+04
   0.271828E-03   0.102924E+04
   0.277319E-03   0.104924E+04
   0.282922E-03   0.106963E+04
   0.288637E-03   0.109042E+04
   0.294468E-03   0.111160E+04
   0.300417E-03   0.113319E+04
   0.306485E-03   0.115520E+04
   0.312677E-03   0.117763E+04
   0.318993E-03   0.120050E+04
   0.325437E-03   0.122380E+04
   0.332012E-03   0.124755E+04
   0.338719E-03   0.127176E+04
   0.345561E-03   0.129643E+04
   0.352542E-03   0.132157E+04
   0.359664E-03   0.134720E+04
   0.366930E-03   0.137331E+04
   0.374342E-03   0.139993E+04
   0.381904E-03   0.142706E+04
   0.389619E-03   0.145470E+04
   0.397490E-03   0.148287E+04
   0.405520E-03   0.151158E+04
   0.413712E-03   0.154084E+04
   0.422070E-03   0.157065E+04
   0.430596E-03   0.160104E+04
   0.439295E-03   0.163200E+04
   0.448169E-03   0.166355E+04
   0.457222E-03   0.169570E+04
   0.466459E-03   0.172845E+04
   0.475882E-03   0.176183E+04
   0.485496E-03   0.179584E+04
   0.495303E-03   0.183050E+04
   0.505309E-03   0.186580E+04
   0.515517E-03   0.190178E+04
   0.525931E-03   0.193843E+04
   0.536556E-03   0.197577E+04
   0.547395E-03   0.201382E+04
   0.558453E-03   0.205258E+04
   0.569734E-03   0.209207E+04
   0.581244E-03   0.213229E+04
   0.592986E-03   0.217327E+04
   0.604965E-03   0.221502E+04
   0.617186E-03   0.225755E+04
   0.629654E-03   0.230086E+04
   0.642374E-03   0.234499E+04
   0.655350E-03   0.238993E+04
   0.668589E-03   0.243570E+04
   0.682096E-03   0.248233E+04
   0.695875E-03   0.252981E+04
   0.709933E-03   0.257818E+04
   0.724274E-03   0.262743E+04
   0.738906E-03   0.267759E+04
   0.753832E-03   0.272867E+04
   0.769061E-03   0.278069E+04
   0.784597E-03   0.283366E+04
   0.800447E-03   0.288759E+04
   0.816617E-03   0.294251E+04
   0.833114E-03   0.299843E+04
   0.849944E-03   0.305536E+04
   0.867114E-03   0.311333E+04
   0.884631E-03   0.317234E+04
   0.902501E-03   0.323241E+04
   0.920733E-03   0.329356E+04
   0.939333E-03   0.335581E+04
   0.958309E-03   0.341918E+04
   0.977668E-03   0.348367E+04
   0.997418E-03   0.354931E+04
   0.101757E-02   0.361612E+04
   0.103812E-02   0.368411E+04
   0.105910E-02   0.375330E+04
   0.108049E-02   0.382371E+04
   0.110232E-02   0.389535E+04
   0.112459E-02   0.396825E+04
   0.114730E-02   0.404242E+04
   0.117048E-02   0.411788E+04
   0.119413E-02   0.419464E+04
   0.121825E-02   0.427273E+04
   0.124286E-02   0.435216E+04
   0.126797E-02   0.443295E+04
   0.129358E-02   0.451511E+04
   0.131971E-02   0.459868E+04
   0.134637E-02   0.468365E+04
   0.137357E-02   0.477006E+04
   0.140132E-02   0.485791E+04
   0.142963E-02   0.494724E+04
   0.145851E-02   0.503805E+04
   0.148797E-02   0.513036E+04
   0.151803E-02   0.522420E+04
   0.154870E-02   0.531958E+04
   0.157998E-02   0.541651E+04
   0.161190E-02   0.551501E+04
   0.164446E-02   0.561511E+04
   0.167768E-02   0.571680E+04
   0.171158E-02   0.582012E+04
   0.174615E-02   0.592508E+04
   0.178143E-02   0.603168E+04
   0.181741E-02   0.613996E+04
   0.185413E-02   0.624991E+04
   0.189158E-02   0.636157E+04
   0.192980E-02   0.647494E+04
   0.196878E-02   0.659003E+04
   0.200855E-02   0.670686E+04
   0.204913E-02   0.682545E+04
   0.209052E-02   0.694581E+04
   0.213276E-02   0.706795E+04
   0.217584E-02   0.719187E+04
   0.221979E-02   0.731760E+04
   0.226464E-02   0.744514E+04
   0.231039E-02   0.757450E+04
   0.235706E-02   0.770568E+04
   0.240467E-02   0.783870E+04
   0.245325E-02   0.797355E+04
   0.250281E-02   0.811026E+04
   0.255337E-02   0.824881E+04
   0.260495E-02   0.838923E+04
   0.265758E-02   0.853150E+04
   0.271126E-02   0.867563E+04
   0.276603E-02   0.882163E+04
   0.282191E-02   0.896950E+04
   0.287892E-02   0.911923E+04
   0.293708E-02   0.927083E+04
   0.299641E-02   0.942429E+04
   0.305694E-02   0.957961E+04
   0.311870E-02   0.973677E+04
   0.318170E-02   0.989577E+04
   0.324597E-02   0.100566E+05
   0.331155E-02   0.102192E+05
   0.337844E-02   0.103837E+05
   0.344669E-02   0.105499E+05
   0.351632E-02   0.107179E+05
   0.358735E-02   0.108877E+05
   0.365982E-02   0.110592E+05
   0.373376E-02   0.112324E+05
   0.380918E-02   0.114073E+05
   0.388613E-02   0.115839E+05
   0.396464E-02   0.117621E+05
   0.404473E-02   0.119419E+05
   0.412644E-02   0.121233E+05
   0.420980E-02   0.123063E+05
   0.429484E-02   0.124907E+05
   0.438160E-02   0.126767E+05
   0.447012E-02   0.128640E+05
   0.456042E-02   0.130527E+05
   0.465255E-02   0.132428E+05
   0.474653E-02   0.134341E+05
   0.484242E-02   0.136267E+05
   0.494024E-02   0.138204E+05
   0.504004E-02   0.140153E+05
   0.514186E-02   0.142112E+05
   0.524573E-02   0.144081E+05
   0.535170E-02   0.146059E+05
   0.545981E-02   0.148046E+05
   0.557011E-02   0.150040E+05
   0.568263E-02   0.152041E+05
   0.579743E-02   0.154049E+05
   0.591455E-02   0.156061E+05
   0.603403E-02   0.158078E+05
   0.615592E-02   0.160099E+05
   0.628028E-02   0.162121E+05
   0.640715E-02   0.164146E+05
   0.653658E-02   0.166171E+05
   0.666863E-02   0.168195E+05
   0.680335E-02   0.170217E+05
   0.694078E-02   0.172236E+05
   0.708100E-02   0.174251E+05
   0.722404E-02   0.176261E+05
   0.736998E-02   0.178263E+05
   0.751886E-02   0.180258E+05
   0.767075E-02   0.182243E+05
   0.782571E-02   0.184217E+05
   0.798380E-02   0.186179E+05
   0.814509E-02   0.188127E+05
   0.830963E-02   0.190059E+05
   0.847750E-02   0.191974E+05
   0.864875E-02   0.193870E+05
   0.882347E-02   0.195745E+05
   0.900171E-02   0.197598E+05
   0.918356E-02   0.199427E+05
   0.936908E-02   0.201230E+05
   0.955835E-02   0.203005E+05
   0.975144E-02   0.204749E+05
   0.994843E-02   0.206462E+05
   0.101494E-01   0.208141E+05
   0.103544E-01   0.209783E+05
   0.105636E-01   0.211387E+05
   0.107770E-01   0.212951E+05
   0.109947E-01   0.214472E+05
   0.112168E-01   0.215947E+05
   0.114434E-01   0.217375E+05
   0.116746E-01   0.218754E+05
   0.119104E-01   0.220080E+05
   0.121510E-01   0.221352E+05
   0.123965E-01   0.222566E+05
   0.126469E-01   0.223721E+05
   0.129024E-01   0.224814E+05
   0.131631E-01   0.225843E+05
   0.134290E-01   0.226804E+05
   0.137003E-01   0.227695E+05
   0.139770E-01   0.228514E+05
   0.142594E-01   0.229258E+05
   0.145474E-01   0.229925E+05
   0.148413E-01   0.230511E+05
   0.151411E-01   0.231015E+05
   0.154470E-01   0.231435E+05
   0.157590E-01   0.231767E+05
   0.160774E-01   0.232009E+05
   0.164022E-01   0.232159E+05
   0.167335E-01   0.232214E+05
   0.170716E-01   0.232173E+05
   0.174164E-01   0.232034E+05
   0.177683E-01   0.231793E+05
   0.181272E-01   0.231451E+05
   0.184934E-01   0.231004E+05
   0.188670E-01   0.230452E+05
   0.192481E-01   0.229792E+05
   0.196370E-01   0.229025E+05
   0.200337E-01   0.228148E+05
   0.204384E-01   0.227161E+05
   0.208513E-01   0.226063E+05
   0.212725E-01   0.224855E+05
   0.217022E-01   0.223536E+05
   0.221406E-01   0.222106E+05
   0.225879E-01   0.220566E+05
   0.230442E-01   0.218917E+05
   0.235097E-01   0.217160E+05
   0.239847E-01   0.215297E+05
   0.244692E-01   0.213329E+05
   0.249635E-01   0.211259E+05
   0.254678E-01   0.209090E+05
   0.259823E-01   0.206825E+05
   0.265072E-01   0.204467E+05
   0.270426E-01   0.202021E+05
   0.275889E-01   0.199490E+05
   0.281463E-01   0.196880E+05
   0.287149E-01   0.194196E+05
   0.292949E-01   0.191444E+05
   0.298867E-01   0.188629E+05
   0.304905E-01   0.185759E+05
   0.311064E-01   0.182839E+05
   0.317348E-01   0.179878E+05
   0.323759E-01   0.176883E+05
   0.330299E-01   0.173862E+05
   0.336972E-01   0.170823E+05
   0.343779E-01   0.167773E+05
   0.350724E-01   0.164722E+05
   0.357809E-01   0.161681E+05
   0.365038E-01   0.158653E+05
   0.372412E-01   0.155635E+05
   0.379935E-01   0.152633E+05
   0.387610E-01   0.149658E+05
   0.395440E-01   0.146728E+05
   0.403429E-01   0.143858E+05
   0.411579E-01   0.141053E+05
   0.419893E-01   0.138322E+05
   0.428375E-01   0.135673E+05
   0.437029E-01   0.133110E+05
   0.445858E-01   0.130639E+05
   0.454865E-01   0.128262E+05
   0.464053E-01   0.125981E+05
   0.473428E-01   0.123795E+05
   0.482992E-01   0.121704E+05
   0.492749E-01   0.119705E+05
   0.502703E-01   0.117793E+05
   0.512858E-01   0.115963E+05
   0.523219E-01   0.114209E+05
   0.533789E-01   0.112526E+05
   0.544572E-01   0.110907E+05
   0.555573E-01   0.109344E+05
   0.566796E-01   0.107827E+05
   0.578246E-01   0.106365E+05
   0.589927E-01   0.104994E+05
   0.601845E-01   0.103693E+05
   0.614003E-01   0.102381E+05
   0.626407E-01   0.101013E+05
   0.639061E-01   0.996051E+04
   0.651971E-01   0.981707E+04
   0.665142E-01   0.966914E+04
   0.678578E-01   0.951446E+04
   0.692287E-01   0.935180E+04
   0.706272E-01   0.918027E+04
   0.720539E-01   0.899907E+04
   0.735095E-01   0.880759E+04
   0.749945E-01   0.860574E+04
   0.765095E-01   0.839378E+04
   0.780551E-01   0.817240E+04
   0.796319E-01   0.794260E+04
   0.812406E-01   0.770577E+04
   0.828817E-01   0.746356E+04
   0.845561E-01   0.721782E+04
   0.862642E-01   0.697057E+04
   0.880068E-01   0.672395E+04
   0.897847E-01   0.648016E+04
   0.915985E-01   0.624148E+04
   0.934489E-01   0.601017E+04
   0.953367E-01   0.578848E+04
   0.972626E-01   0.557848E+04
   0.992274E-01   0.538202E+04
   0.101232E+00   0.520053E+04
   0.103277E+00   0.503496E+04
   0.105363E+00   0.488563E+04
   0.107492E+00   0.475223E+04
   0.109663E+00   0.463382E+04
   0.111879E+00   0.452893E+04
   0.114139E+00   0.443562E+04
   0.116445E+00   0.435162E+04
   0.118797E+00   0.427430E+04
   0.121197E+00   0.420077E+04
   0.123645E+00   0.412788E+04
   0.126143E+00   0.405231E+04
   0.128691E+00   0.397085E+04
   0.131291E+00   0.388074E+04
   0.133943E+00   0.378012E+04
   0.136649E+00   0.366837E+04
   0.139409E+00   0.354625E+04
   0.142226E+00   0.341571E+04
   0.145099E+00   0.327954E+04
   0.148030E+00   0.314085E+04
   0.151020E+00   0.300283E+04
   0.154071E+00   0.286856E+04
   0.157184E+00   0.274102E+04
   0.160359E+00   0.262305E+04
   0.163598E+00   0.251705E+04
   0.166903E+00   0.242449E+04
   0.170275E+00   0.234554E+04
   0.173715E+00   0.227891E+04
   0.177224E+00   0.222208E+04
   0.180804E+00   0.217181E+04
   0.184457E+00   0.212466E+04
   0.188183E+00   0.207733E+04
   0.191985E+00   0.202686E+04
   0.195863E+00   0.197091E+04
   0.199820E+00   0.190812E+04
   0.203856E+00   0.183848E+04
   0.207974E+00   0.176345E+04
   0.212176E+00   0.168558E+04
   0.216462E+00   0.160800E+04
   0.220835E+00   0.153387E+04
   0.225296E+00   0.146588E+04
   0.229847E+00   0.140602E+04
   0.234490E+00   0.135459E+04
   0.239227E+00   0.131095E+04
   0.244060E+00   0.127301E+04
   0.248990E+00   0.123806E+04
   0.254020E+00   0.120344E+04
   0.259152E+00   0.116676E+04
   0.264387E+00   0.112687E+04
   0.269728E+00   0.108345E+04
   0.275177E+00   0.103775E+04
   0.280736E+00   0.991538E+03
   0.286407E+00   0.947145E+03
   0.292193E+00   0.906536E+03
   0.298096E+00   0.870393E+03
   0.304118E+00   0.838726E+03
   0.310261E+00   0.810368E+03
   0.316529E+00   0.783869E+03
   0.322923E+00   0.757479E+03
   0.329447E+00   0.729890E+03
   0.336102E+00   0.701047E+03
   0.342892E+00   0.671442E+03
   0.349819E+00   0.642367E+03
   0.356885E+00   0.614956E+03
   0.364095E+00   0.589874E+03
   0.371450E+00   0.567244E+03
   0.378954E+00   0.546278E+03
   0.386609E+00   0.526139E+03
   0.394419E+00   0.506042E+03
   0.402387E+00   0.485654E+03
   0.410516E+00   0.465329E+03
   0.418809E+00   0.445559E+03
   0.427269E+00   0.426934E+03
   0.435901E+00   0.409665E+03
   0.444706E+00   0.393465E+03
   0.453690E+00   0.377972E+03
   0.462855E+00   0.362769E+03
   0.472206E+00   0.347747E+03
   0.481745E+00   0.333114E+03
   0.491477E+00   0.319078E+03
   0.501405E+00   0.305814E+03
   0.511534E+00   0.293276E+03
   0.521868E+00   0.281234E+03
   0.532411E+00   0.269558E+03
   0.543166E+00   0.258209E+03
   0.554139E+00   0.247248E+03
   0.565333E+00   0.236792E+03
   0.576753E+00   0.226834E+03
   0.588404E+00   0.217287E+03
   0.600291E+00   0.208095E+03
   0.612418E+00   0.199223E+03
   0.624789E+00   0.190690E+03
   0.637411E+00   0.182531E+03
   0.650288E+00   0.174728E+03
   0.663424E+00   0.167242E+03
   0.676826E+00   0.160054E+03
   0.690499E+00   0.153154E+03
   0.704448E+00   0.146532E+03
   0.718679E+00   0.140180E+03
   0.733197E+00   0.134086E+03
   0.748009E+00   0.128243E+03
   0.763119E+00   0.122641E+03
   0.778536E+00   0.117272E+03
   0.794263E+00   0.112126E+03
   0.810308E+00   0.107197E+03
   0.826677E+00   0.102475E+03
   0.843378E+00   0.979534E+02
   0.860415E+00   0.936229E+02
   0.877797E+00   0.894761E+02
   0.895529E+00   0.855055E+02
   0.913620E+00   0.817041E+02
   0.932076E+00   0.780649E+02
   0.950906E+00   0.745812E+02
   0.970115E+00   0.712467E+02
   0.989713E+00   0.680552E+02
   0.100971E+01   0.650010E+02
   0.103010E+01   0.620782E+02
   0.105091E+01   0.592817E+02
   0.107214E+01   0.566061E+02
   0.109380E+01   0.540467E+02
   0.111590E+01   0.515985E+02
   0.113844E+01   0.492571E+02
   0.116144E+01   0.470180E+02
   0.118490E+01   0.448771E+02
   0.120884E+01   0.428301E+02
   0.123326E+01   0.408733E+02
   0.125817E+01   0.390027E+02
   0.128359E+01   0.372149E+02
   0.130952E+01   0.355064E+02
   0.133597E+01   0.338737E+02
   0.136296E+01   0.323136E+02
   0.139049E+01   0.308230E+02
   0.141858E+01   0.293991E+02
   0.144724E+01   0.280388E+02
   0.147648E+01   0.267395E+02
   0.150630E+01   0.254986E+02
   0.153673E+01   0.243135E+02
   0.156778E+01   0.231819E+02
   0.159945E+01   0.221013E+02
   0.163176E+01   0.210697E+02
   0.166472E+01   0.200848E+02
   0.169835E+01   0.191446E+02
   0.173266E+01   0.182471E+02
   0.176766E+01   0.173906E+02
   0.180337E+01   0.165732E+02
   0.183980E+01   0.157931E+02
   0.187697E+01   0.150487E+02
   0.191489E+01   0.143385E+02
   0.195357E+01   0.136609E+02
   0.199304E+01   0.130146E+02
   0.203330E+01   0.123980E+02
   0.207437E+01   0.118098E+02
   0.211628E+01   0.112489E+02
   0.215903E+01   0.107140E+02
   0.220265E+01   0.102038E+02
   0.224714E+01   0.971739E+01
   0.229254E+01   0.925358E+01
   0.233885E+01   0.881138E+01
   0.238610E+01   0.838982E+01
   0.243430E+01   0.798795E+01
   0.248348E+01   0.760489E+01
   0.253365E+01   0.723978E+01
   0.258483E+01   0.689181E+01
   0.263704E+01   0.656018E+01
   0.269032E+01   0.624416E+01
   0.274466E+01   0.594304E+01
   0.280011E+01   0.565612E+01
   0.285668E+01   0.538276E+01
   0.291439E+01   0.512233E+01
   0.297326E+01   0.487423E+01
   0.303332E+01   0.463791E+01
   0.309460E+01   0.441281E+01
   0.315712E+01   0.419841E+01
   0.322090E+01   0.399422E+01
   0.328596E+01   0.379976E+01
   0.335234E+01   0.361459E+01
   0.342006E+01   0.343826E+01
   0.348916E+01   0.327037E+01
   0.355964E+01   0.311053E+01
   0.363155E+01   0.295834E+01
   0.370491E+01   0.281347E+01
   0.377976E+01   0.267556E+01
   0.385611E+01   0.254428E+01
   0.393401E+01   0.241933E+01
   0.401348E+01   0.230040E+01
   0.409456E+01   0.218722E+01
   0.417727E+01   0.207951E+01
   0.426166E+01   0.197701E+01
   0.434775E+01   0.187947E+01
   0.443558E+01   0.178667E+01
   0.452519E+01   0.169837E+01
   0.461660E+01   0.161436E+01
   0.470987E+01   0.153444E+01
   0.480501E+01   0.145841E+01
   0.490208E+01   0.138608E+01
   0.500111E+01   0.131729E+01
   0.510214E+01   0.125185E+01
   0.520521E+01   0.118962E+01
   0.531036E+01   0.113043E+01
   0.541763E+01   0.107414E+01
   0.552708E+01   0.102060E+01
   0.563873E+01   0.969701E+00
   0.575264E+01   0.921298E+00
   0.586885E+01   0.875275E+00
   0.598741E+01   0.831518E+00
   0.610836E+01   0.789915E+00
   0.623176E+01   0.750364E+00
   0.635765E+01   0.712765E+00
   0.648609E+01   0.677023E+00
   0.661711E+01   0.643048E+00
   0.675079E+01   0.610754E+00
   0.688716E+01   0.580060E+00
   0.702629E+01   0.550886E+00
   0.716823E+01   0.523160E+00
   0.731304E+01   0.496811E+00
   0.746077E+01   0.471771E+00
   0.761149E+01   0.447977E+00
   0.776525E+01   0.425366E+00
   0.792212E+01   0.403882E+00
   0.808217E+01   0.383470E+00
   0.824543E+01   0.364075E+00
   0.841200E+01   0.345649E+00
   0.858193E+01   0.328144E+00
   0.875530E+01   0.311514E+00
   0.893217E+01   0.295717E+00
   0.911261E+01   0.280711E+00
   0.929670E+01   0.266457E+00
   0.948451E+01   0.252918E+00
   0.967610E+01   0.240059E+00
   0.987158E+01   0.227846E+00
   0.100710E+02   0.216247E+00
   0.102744E+02   0.205232E+00
   0.104820E+02   0.194771E+00
   0.106938E+02   0.184837E+00
   0.109098E+02   0.175404E+00
   0.111302E+02   0.166447E+00
   0.113550E+02   0.157942E+00
   0.115844E+02   0.149867E+00
   0.118184E+02   0.142201E+00
   0.120572E+02   0.134922E+00
   0.123007E+02   0.128012E+00
   0.125492E+02   0.121452E+00
   0.128027E+02   0.115224E+00
   0.130614E+02   0.109312E+00
   0.133252E+02   0.103701E+00
   0.135944E+02   0.983744E-01
   0.138691E+02   0.933187E-01
   0.141492E+02   0.885201E-01
   0.144351E+02   0.839658E-01
   0.147267E+02   0.796434E-01
   0.150242E+02   0.755413E-01
   0.153277E+02   0.716483E-01
   0.156373E+02   0.679540E-01
   0.159532E+02   0.644482E-01
   0.162755E+02   0.611216E-01
   0.166043E+02   0.579650E-01
   0.169397E+02   0.549698E-01
   0.172819E+02   0.521279E-01
   0.176310E+02   0.494316E-01
   0.179872E+02   0.468734E-01
   0.183505E+02   0.444463E-01
   0.187212E+02   0.421437E-01
   0.190994E+02   0.399594E-01
   0.194853E+02   0.378872E-01
   0.198789E+02   0.359214E-01
   0.202805E+02   0.340568E-01
   0.206902E+02   0.322880E-01
   0.211081E+02   0.306103E-01
   0.215346E+02   0.290190E-01
   0.219696E+02   0.275097E-01
   0.224134E+02   0.260781E-01
   0.228662E+02   0.247204E-01
   0.233281E+02   0.234328E-01
   0.237994E+02   0.222117E-01
   0.242802E+02   0.210536E-01
   0.247707E+02   0.199555E-01
   0.252710E+02   0.189141E-01
   0.257816E+02   0.179265E-01
   0.263024E+02   0.169901E-01
   0.268337E+02   0.161022E-01
   0.273758E+02   0.152604E-01
   0.279288E+02   0.144621E-01
   0.284930E+02   0.137053E-01
   0.290686E+02   0.129877E-01
   0.296558E+02   0.123074E-01
   0.302549E+02   0.116625E-01
   0.308661E+02   0.110511E-01
   0.314897E+02   0.104714E-01
   0.321258E+02   0.992192E-02
   0.327748E+02   0.940103E-02
   0.334369E+02   0.890727E-02
   0.341123E+02   0.843923E-02
   0.348014E+02   0.799558E-02
   0.355045E+02   0.757507E-02
   0.362217E+02   0.717650E-02
   0.369535E+02   0.679873E-02
   0.377000E+02   0.644069E-02
   0.384616E+02   0.610135E-02
   0.392386E+02   0.577974E-02
   0.400312E+02   0.547496E-02
   0.408399E+02   0.518611E-02
   0.416649E+02   0.491238E-02
   0.425066E+02   0.465299E-02
   0.433653E+02   0.440718E-02
   0.442413E+02   0.417426E-02
   0.451350E+02   0.395354E-02
   0.460469E+02   0.374441E-02
   0.469770E+02   0.354624E-02
   0.479261E+02   0.335848E-02
   0.488942E+02   0.318058E-02
   0.498820E+02   0.301203E-02
   0.508896E+02   0.285234E-02
   0.519177E+02   0.270104E-02
   0.529665E+02   0.255771E-02
   0.540365E+02   0.242192E-02
   0.551281E+02   0.229327E-02
   0.562417E+02   0.217141E-02
   0.573779E+02   0.205597E-02
   0.585370E+02   0.194661E-02
   0.597195E+02   0.184302E-02
   0.609260E+02   0.174490E-02
   0.621568E+02   0.165195E-02
   0.634124E+02   0.156392E-02
   0.646934E+02   0.148053E-02
   0.660003E+02   0.140155E-02
   0.673336E+02   0.132675E-02
   0.686938E+02   0.125591E-02
   0.700816E+02   0.118881E-02
   0.714973E+02   0.112526E-02
   0.729416E+02   0.106508E-02
   0.744151E+02   0.100809E-02
   0.759184E+02   0.954124E-03
   0.774521E+02   0.903016E-03
   0.790167E+02   0.854619E-03
   0.806129E+02   0.808791E-03
   0.822415E+02   0.765397E-03
   0.839028E+02   0.724308E-03
   0.855978E+02   0.685402E-03
   0.873269E+02   0.648565E-03
   0.890911E+02   0.613688E-03
   0.908908E+02   0.580666E-03
   0.927270E+02   0.549402E-03
   0.946001E+02   0.519803E-03
   0.965112E+02   0.491781E-03
   0.984608E+02   0.465251E-03
   0.100450E+03   0.440136E-03
   0.102479E+03   0.416360E-03
   0.104549E+03   0.393853E-03
   0.106661E+03   0.372547E-03
   0.108816E+03   0.352379E-03
   0.111014E+03   0.333288E-03
   0.113257E+03   0.315218E-03
   0.115545E+03   0.298115E-03
   0.117879E+03   0.281928E-03
   0.120260E+03   0.266608E-03
   0.122690E+03   0.252109E-03
   0.125168E+03   0.238388E-03
   0.127697E+03   0.225404E-03
   0.130277E+03   0.213118E-03
   0.132908E+03   0.201492E-03
   0.135593E+03   0.190491E-03
   0.138332E+03   0.180083E-03
   0.141127E+03   0.170234E-03
   0.143978E+03   0.160915E-03
   0.146886E+03   0.152097E-03
   0.149854E+03   0.143753E-03
   0.152881E+03   0.135858E-03
   0.155969E+03   0.128386E-03
   0.159120E+03   0.121316E-03
   0.162334E+03   0.114626E-03
   0.165614E+03   0.108295E-03
   0.168960E+03   0.102305E-03
   0.172373E+03   0.966369E-04
   0.175855E+03   0.912754E-04
   0.179407E+03   0.862048E-04
   0.183032E+03   0.814104E-04
   0.186729E+03   0.768781E-04
   0.190501E+03   0.725946E-04
   0.194350E+03   0.685468E-04
   0.198276E+03   0.647226E-04
   0.202281E+03   0.611103E-04
   0.206368E+03   0.576987E-04
