               #####        0.2000000000        0.2533333333        0.3066666667        0.3600000000        0.4133333333        0.4666666667        0.5200000000        0.5733333333        0.6266666667        0.6800000000        0.7333333333        0.7866666667        0.8400000000        0.8933333333        0.9466666667        1.0000000000
        0.0010000000    0.1291987804E-07    0.2058751063E-07    0.2986023862E-07    0.4057034843E-07    0.5250468154E-07    0.6541458768E-07    0.7903119157E-07    0.9308293738E-07    0.1073124882E-06    0.1214902646E-06    0.1354227741E-06    0.1489565800E-06    0.1619774411E-06    0.1744067692E-06    0.1861965692E-06    0.1973237401E-06
        0.0010948890    0.1844890812E-07    0.2939788577E-07    0.4263885561E-07    0.5793233136E-07    0.7497393372E-07    0.9340860307E-07    0.1128523995E-06    0.1329175556E-06    0.1532366076E-06    0.1734817283E-06    0.1933766205E-06    0.2127021845E-06    0.2312952901E-06    0.2490437175E-06    0.2658789322E-06    0.2817679472E-06
        0.0011987818    0.2633216288E-07    0.4195966110E-07    0.6085852460E-07    0.8268693394E-07    0.1070104478E-06    0.1333222886E-06    0.1610744583E-06    0.1897134954E-06    0.2187149181E-06    0.2476108181E-06    0.2760068359E-06    0.3035902501E-06    0.3301282246E-06    0.3554605879E-06    0.3794895207E-06    0.4021679407E-06
        0.0013125330    0.3756448509E-07    0.5985809481E-07    0.8681851324E-07    0.1179581131E-06    0.1526571363E-06    0.1901926326E-06    0.2297828478E-06    0.2706382346E-06    0.3120105864E-06    0.3532324026E-06    0.3937411047E-06    0.4330905759E-06    0.4709486612E-06    0.5070868659E-06    0.5413656445E-06    0.5737178315E-06
        0.0014370779    0.5355642304E-07    0.8534086209E-07    0.1237788628E-06    0.1681752049E-06    0.2176462865E-06    0.2711613829E-06    0.3276059314E-06    0.3858542588E-06    0.4448396318E-06    0.5036103819E-06    0.5613644298E-06    0.6174657384E-06    0.6714407477E-06    0.7229636884E-06    0.7718356083E-06    0.8179607481E-06
        0.0015734408    0.7630511299E-07    0.1215903523E-06    0.1763553299E-06    0.2396095218E-06    0.3100940054E-06    0.3863402435E-06    0.4667602497E-06    0.5497502082E-06    0.6337902780E-06    0.7175245590E-06    0.7998102798E-06    0.8797412394E-06    0.9566427282E-06    0.1030050603E-05    0.1099681405E-05    0.1165398700E-05
        0.0017227429    0.1086337622E-06    0.1731052802E-06    0.2510728774E-06    0.3411263673E-06    0.4414734505E-06    0.5500234040E-06    0.6645154484E-06    0.7826662691E-06    0.9023121035E-06    0.1021522589E-05    0.1138670790E-05    0.1252466570E-05    0.1361949361E-05    0.1466458374E-05    0.1565590057E-05    0.1659150171E-05
        0.0018862122    0.1545263528E-06    0.2462340283E-06    0.3571392391E-06    0.4852360593E-06    0.6279750257E-06    0.7823821820E-06    0.9452416749E-06    0.1113305597E-05    0.1283496097E-05    0.1453067326E-05    0.1619705045E-05    0.1781574098E-05    0.1937308122E-05    0.2085967179E-05    0.2226977234E-05    0.2360061995E-05
        0.0020651929    0.2195940211E-06    0.3499178136E-06    0.5075228125E-06    0.6895584369E-06    0.8924016951E-06    0.1111826359E-05    0.1343262445E-05    0.1582094422E-05    0.1823948416E-05    0.2064922365E-05    0.2301727553E-05    0.2531756079E-05    0.2753066239E-05    0.2964322306E-05    0.3164708535E-05    0.3353832295E-05
        0.0022611570    0.3117227843E-06    0.4967228250E-06    0.7204496810E-06    0.9788568277E-06    0.1266801271E-05    0.1578283697E-05    0.1906816819E-05    0.2245848695E-05    0.2589170425E-05    0.2931242867E-05    0.3267397556E-05    0.3593932468E-05    0.3908091277E-05    0.4207977866E-05    0.4492434254E-05    0.4760903089E-05
        0.0024757158    0.4419699142E-06    0.7042685779E-06    0.1021475309E-05    0.1387852812E-05    0.1796109181E-05    0.2237738396E-05    0.2703542574E-05    0.3184232168E-05    0.3671003999E-05    0.4156004505E-05    0.4632614598E-05    0.5095585438E-05    0.5541009025E-05    0.5966196996E-05    0.6369507535E-05    0.6750150417E-05
        0.0027106339    0.6257995920E-06    0.9971969049E-06    0.1446340384E-05    0.1965106387E-05    0.2543170044E-05    0.3168487378E-05    0.3828034783E-05    0.4508658875E-05    0.5197894921E-05    0.5884622808E-05    0.6559470352E-05    0.7215005549E-05    0.7845694946E-05    0.8447732009E-05    0.9018792049E-05    0.9557756172E-05
        0.0029678432    0.8847790844E-06    0.1409874783E-05    0.2044891025E-05    0.2778342264E-05    0.3595630770E-05    0.4479728269E-05    0.5412221455E-05    0.6374513549E-05    0.7348981401E-05    0.8319902971E-05    0.9274027510E-05    0.1020084738E-04    0.1109253917E-04    0.1194372110E-04    0.1275110644E-04    0.1351311328E-04
        0.0032494587    0.1248896433E-05    0.1990087529E-05    0.2886435428E-05    0.3921727825E-05    0.5075359445E-05    0.6323294212E-05    0.7639541028E-05    0.8997849848E-05    0.1037334490E-04    0.1174383399E-04    0.1309061320E-04    0.1439885064E-04    0.1565750334E-04    0.1685897473E-04    0.1799862553E-04    0.1907422286E-04
        0.0035577965    0.1759711668E-05    0.2804060212E-05    0.4067026981E-05    0.5525768528E-05    0.7151251620E-05    0.8909608972E-05    0.1076421865E-04    0.1267809389E-04    0.1461618430E-04    0.1654722071E-04    0.1844484910E-04    0.2028817112E-04    0.2206162713E-04    0.2375451351E-04    0.2536029353E-04    0.2687582109E-04
        0.0038953921    0.2474618157E-05    0.3943248055E-05    0.5719313150E-05    0.7770689377E-05    0.1005654815E-04    0.1252926290E-04    0.1513733329E-04    0.1782874606E-04    0.2055421084E-04    0.2326975494E-04    0.2593831764E-04    0.2853051038E-04    0.3102445227E-04    0.3340509131E-04    0.3566323525E-04    0.3779445995E-04
        0.0042650218    0.3472571140E-05    0.5533464783E-05    0.8025775366E-05    0.1090442370E-04    0.1411211564E-04    0.1758201757E-04    0.2124185990E-04    0.2501865340E-04    0.2884322967E-04    0.3265388285E-04    0.3639860650E-04    0.4003616040E-04    0.4353583977E-04    0.4687652268E-04    0.5004531012E-04    0.5303599398E-04
        0.0046697254    0.4861738540E-05    0.7747074133E-05    0.1123641178E-04    0.1526663835E-04    0.1975753908E-04    0.2461554348E-04    0.2973947046E-04    0.3502713164E-04    0.4038168777E-04    0.4571674802E-04    0.5095950124E-04    0.5605220952E-04    0.6095188518E-04    0.6562895702E-04    0.7006536629E-04    0.7425242181E-04
        0.0051128308    0.6789645368E-05    0.1081915490E-04    0.1569218338E-04    0.2132058952E-04    0.2759234852E-04    0.3437678345E-04    0.4153258883E-04    0.4891705285E-04    0.5639493362E-04    0.6384558205E-04    0.7116731384E-04    0.7827949541E-04    0.8512209289E-04    0.9165380931E-04    0.9784942552E-04    0.1036968046E-03
        0.0055979820    0.9456515400E-05    0.1506876091E-04    0.2185584982E-04    0.2969501891E-04    0.3843023967E-04    0.4787950491E-04    0.5784600403E-04    0.6813096842E-04    0.7854603293E-04    0.8892315876E-04    0.9912072139E-04    0.1090264158E-03    0.1185566284E-03    0.1276538427E-03    0.1362829349E-03    0.1444270025E-03
        0.0061291687    0.1313265554E-04    0.2092662304E-04    0.3035214926E-04    0.4123874538E-04    0.5336972461E-04    0.6649232178E-04    0.8033321351E-04    0.9461635838E-04    0.1090801619E-03    0.1234912604E-03    0.1376529739E-03    0.1514093399E-03    0.1646442425E-03    0.1772778077E-03    0.1892612605E-03    0.2005711296E-03
        0.0067107592    0.1818086422E-04    0.2897085731E-04    0.4201959032E-04    0.5709103413E-04    0.7388520101E-04    0.9205215518E-04    0.1112134997E-03    0.1309870767E-03    0.1510107274E-03    0.1709613809E-03    0.1905667525E-03    0.2096109283E-03    0.2279331597E-03    0.2454228729E-03    0.2620125479E-03    0.2776696955E-03
        0.0073475362    0.2508494606E-04    0.3997240353E-04    0.5797635795E-04    0.7877114215E-04    0.1019428388E-03    0.1270086128E-03    0.1534463595E-03    0.1807287884E-03    0.2083562002E-03    0.2358828364E-03    0.2629330122E-03    0.2892088231E-03    0.3144884817E-03    0.3386194311E-03    0.3615085187E-03    0.3831109255E-03
        0.0080447363    0.3448542955E-04    0.5495194389E-04    0.7970287279E-04    0.1082904946E-03    0.1401457595E-03    0.1746048693E-03    0.2109500388E-03    0.2484563589E-03    0.2864368482E-03    0.3242786948E-03    0.3614654254E-03    0.3975874985E-03    0.4323400209E-03    0.4655132767E-03    0.4969792185E-03    0.5266762451E-03
        0.0088080930    0.4722343258E-04    0.7524981889E-04    0.1091432258E-03    0.1482905424E-03    0.1919125020E-03    0.2391000834E-03    0.2888703322E-03    0.3402305451E-03    0.3922399481E-03    0.4440593562E-03    0.4949815144E-03    0.5444456043E-03    0.5920341206E-03    0.6374598968E-03    0.6805476063E-03    0.7212129131E-03
        0.0096438838    0.6439302155E-04    0.1026093930E-03    0.1488259704E-03    0.2022066834E-03    0.2616888747E-03    0.3260329443E-03    0.3938984757E-03    0.4639317771E-03    0.5348499603E-03    0.6055087086E-03    0.6749436187E-03    0.7423899816E-03    0.8072785259E-03    0.8692177191E-03    0.9279685381E-03    0.9834160328E-03
        0.0105589819    0.8740170968E-04    0.1392735071E-03    0.2020040999E-03    0.2744585674E-03    0.3551944056E-03    0.4425289287E-03    0.5346426161E-03    0.6296979694E-03    0.7259535962E-03    0.8218562777E-03    0.9160970318E-03    0.1007637956E-02    0.1095706456E-02    0.1179771200E-02    0.1259507872E-02    0.1334760560E-02
        0.0115609128    0.1180364552E-03    0.1880896115E-03    0.2728074646E-03    0.3706570610E-03    0.4796899997E-03    0.5976334965E-03    0.7220299924E-03    0.8503977358E-03    0.9803847920E-03    0.1109893520E-02    0.1237156199E-02    0.1360771267E-02    0.1479695522E-02    0.1593211624E-02    0.1700881821E-02    0.1802495780E-02
        0.0126579159    0.1585297649E-03    0.2526150744E-03    0.3663954531E-03    0.4978115800E-03    0.6442460735E-03    0.8026458689E-03    0.9697097938E-03    0.1142104353E-02    0.1316670472E-02    0.1490590911E-02    0.1661491679E-02    0.1827490676E-02    0.1987187219E-02    0.2139618326E-02    0.2284196542E-02    0.2420639821E-02
        0.0138590124    0.2116158140E-03    0.3372065726E-03    0.4890865627E-03    0.6645059728E-03    0.8599699045E-03    0.1071401863E-02    0.1294394279E-02    0.1524496752E-02    0.1757491864E-02    0.1989619031E-02    0.2217709629E-02    0.2439251858E-02    0.2652376748E-02    0.2855799695E-02    0.3048737397E-02    0.3230814194E-02
        0.0151740797    0.2805605268E-03    0.4470679898E-03    0.6484277792E-03    0.8809925918E-03    0.1140127031E-02    0.1420424599E-02    0.1716040075E-02    0.2021072003E-02    0.2329928122E-02    0.2637622757E-02    0.2939955558E-02    0.3233597380E-02    0.3516071693E-02    0.3785676879E-02    0.4041375997E-02    0.4282672473E-02
        0.0166139325    0.3691434429E-03    0.5882215150E-03    0.8531526002E-03    0.1159135098E-02    0.1500066902E-02    0.1868831300E-02    0.2257734701E-02    0.2659010457E-02    0.3065299263E-02    0.3470041474E-02    0.3867711586E-02    0.4253931036E-02    0.4625443677E-02    0.4980013208E-02    0.5316277963E-02    0.5633587101E-02
        0.0181904113    0.4815666320E-03    0.7673625899E-03    0.1112970739E-02    0.1512122769E-02    0.1956853042E-02    0.2437872203E-02    0.2945138882E-02    0.3468517897E-02    0.3998406317E-02    0.4526246949E-02    0.5044833113E-02    0.5548455483E-02    0.6032869989E-02    0.6495163469E-02    0.6933563930E-02    0.7347226462E-02
        0.0199164806    0.6222745442E-03    0.9915731559E-03    0.1438152667E-02    0.1953906578E-02    0.2528533826E-02    0.3150022536E-02    0.3805389827E-02    0.4481533869E-02    0.5166041837E-02    0.5847856233E-02    0.6517666945E-02    0.7168100514E-02    0.7793678528E-02    0.8390643152E-02    0.8956711475E-02    0.9490798238E-02
        0.0218063349    0.7957000582E-03    0.1267917712E-02    0.1838944870E-02    0.2498406291E-02    0.3233118287E-02    0.4027708742E-02    0.4865564696E-02    0.5729924333E-02    0.6604908436E-02    0.7476377074E-02    0.8332428148E-02    0.9163638743E-02    0.9963011823E-02    0.1072575180E-01    0.1144894971E-01    0.1213122763E-01
        0.0238755154    0.1006016657E-02    0.1603049802E-02    0.2325001362E-02    0.3158741313E-02    0.4087584956E-02    0.5092078773E-02    0.6151200822E-02    0.7243745216E-02    0.8349623545E-02    0.9450955712E-02    0.1053269599E-01    0.1158293733E-01    0.1259284405E-01    0.1355636608E-01    0.1446983990E-01    0.1533153734E-01
        0.0261410384    0.1257069677E-02    0.2003104651E-02    0.2905231552E-02    0.3947029230E-02    0.5107628059E-02    0.6362694418E-02    0.7685933898E-02    0.9050827260E-02    0.1043225238E-01    0.1180785998E-01    0.1315884952E-01    0.1447034852E-01    0.1573132907E-01    0.1693424780E-01    0.1807454589E-01    0.1915008281E-01
        0.0286215345    0.1552740594E-02    0.2474282472E-02    0.3588650906E-02    0.4875548222E-02    0.6309170600E-02    0.7859427024E-02    0.9493800412E-02    0.1117950101E-01    0.1288546305E-01    0.1458406478E-01    0.1625207730E-01    0.1787113237E-01    0.1942762091E-01    0.2091224432E-01    0.2231939489E-01    0.2364645281E-01
        0.0313374022    0.1897988401E-02    0.3024510475E-02    0.4386795593E-02    0.5960023257E-02    0.7712623792E-02    0.9607771349E-02    0.1160566457E-01    0.1366617258E-01    0.1575126489E-01    0.1782714732E-01    0.1986540746E-01    0.2184358660E-01    0.2374505907E-01    0.2555847835E-01    0.2727701722E-01    0.2889750304E-01
        0.0343109759    0.2300648809E-02    0.3666310488E-02    0.5317882007E-02    0.7225276609E-02    0.9350196348E-02    0.1164794478E-01    0.1407019900E-01    0.1656823796E-01    0.1909587097E-01    0.2161207976E-01    0.2408238582E-01    0.2647954453E-01    0.2878340581E-01    0.3098023473E-01    0.3306178748E-01    0.3502425494E-01
        0.0375667089    0.2773815183E-02    0.4420588689E-02    0.6412294725E-02    0.8712668282E-02    0.1127549737E-01    0.1404681175E-01    0.1696823585E-01    0.1998091284E-01    0.2302900924E-01    0.2606298293E-01    0.2904119946E-01    0.3193077101E-01    0.3470739976E-01    0.3735454709E-01    0.3986231536E-01    0.4222616154E-01
        0.0411313750    0.3338489995E-02    0.5320847574E-02    0.7718670564E-02    0.1048831941E-01    0.1357411179E-01    0.1691096271E-01    0.2042843709E-01    0.2405552187E-01    0.2772480359E-01    0.3137652761E-01    0.3496049317E-01    0.3843706515E-01    0.4177700227E-01    0.4496043869E-01    0.4797553150E-01    0.5081689290E-01
        0.0450342886    0.4026312744E-02    0.6417504482E-02    0.9310109218E-02    0.1265146175E-01    0.1637427011E-01    0.2039981441E-01    0.2464286495E-01    0.2901751466E-01    0.3344215492E-01    0.3784455961E-01    0.4216408953E-01    0.4635291023E-01    0.5037580625E-01    0.5420892131E-01    0.5783811508E-01    0.6125704163E-01
        0.0493075457    0.4882095925E-02    0.7781879550E-02    0.1128985940E-01    0.1534200112E-01    0.1985639162E-01    0.2473715584E-01    0.2988047886E-01    0.3518179988E-01    0.4054174979E-01    0.4587259160E-01    0.5110075945E-01    0.5616831846E-01    0.6103276079E-01    0.6566542200E-01    0.7004946536E-01    0.7417750287E-01
        0.0539862877    0.5964327003E-02    0.9506915776E-02    0.1379221667E-01    0.1874149641E-01    0.2425398988E-01    0.3021177405E-01    0.3648723730E-01    0.4295206139E-01    0.4948432669E-01    0.5597677616E-01    0.6233969189E-01    0.6850262711E-01    0.7441416733E-01    0.8003989564E-01    0.8535988594E-01    0.9036571896E-01
        0.0591089906    0.7337293542E-02    0.1169456506E-01    0.1696410747E-01    0.2304794003E-01    0.2982073874E-01    0.3713601672E-01    0.4483551762E-01    0.5276056837E-01    0.6076058523E-01    0.6870380069E-01    0.7648042327E-01    0.8400464902E-01    0.9121434949E-01    0.9806839581E-01    0.1045434961E+00    0.1106304048E+00
        0.0647177816    0.9042582761E-02    0.1441049896E-01    0.2089962711E-01    0.2838717871E-01    0.3671637453E-01    0.4570439294E-01    0.5515428780E-01    0.6486943812E-01    0.7466365058E-01    0.8437517501E-01    0.9386997521E-01    0.1030439821E+00    0.1118226489E+00    0.1201573755E+00    0.1280214880E+00    0.1354053923E+00
        0.0708587849    0.1104123788E-01    0.1759262473E-01    0.2550859584E-01    0.3463633329E-01    0.4478114678E-01    0.5571667485E-01    0.6719992742E-01    0.7898957996E-01    0.9085767635E-01    0.1026079079E+00    0.1140786312E+00    0.1251452737E+00    0.1357197149E+00    0.1457455271E+00    0.1551929121E+00    0.1640525495E+00
        0.0775825017    0.1315433158E-01    0.2095794909E-01    0.3038429118E-01    0.4124862764E-01    0.5331580171E-01    0.6631293805E-01    0.7994791366E-01    0.9393199581E-01    0.1079927309E+00    0.1218975333E+00    0.1354558691E+00    0.1485217436E+00    0.1609930045E+00    0.1728052184E+00    0.1839255169E+00    0.1943449944E+00
        0.0849442250    0.1510353061E-01    0.2406863656E-01    0.3490182472E-01    0.4739115739E-01    0.6126585046E-01    0.7621116276E-01    0.9188996057E-01    0.1079696923E+00    0.1241355042E+00    0.1401202707E+00    0.1557052677E+00    0.1707228643E+00    0.1850561774E+00    0.1986316662E+00    0.2114121106E+00    0.2233875978E+00
        0.0930044946    0.1676317672E-01    0.2673162256E-01    0.3879400334E-01    0.5272122436E-01    0.6821717429E-01    0.8493486866E-01    0.1025002311E+00    0.1205431134E+00    0.1387093828E+00    0.1566989607E+00    0.1742644115E+00    0.1912143246E+00    0.2074141383E+00    0.2227777854E+00    0.2372602223E+00    0.2508471405E+00
        0.1018295948    0.1850621063E-01    0.2954142832E-01    0.4292351429E-01    0.5841122343E-01    0.7568677643E-01    0.9437262217E-01    0.1140570649E+00    0.1343298131E+00    0.1547920427E+00    0.1751051408E+00    0.1949865809E+00    0.2142146128E+00    0.2326311127E+00    0.2501323762E+00    0.2666614048E+00    0.2821961923E+00
        0.1114920997    0.2119225951E-01    0.3385251472E-01    0.4922743593E-01    0.6704895336E-01    0.8695889196E-01    0.1085276147E+00    0.1312831494E+00    0.1547537572E+00    0.1784753065E+00    0.2020550302E+00    0.2251630156E+00    0.2475381898E+00    0.2689933922E+00    0.2894044623E+00    0.3087017932E+00    0.3268564026E+00
        0.1220714697    0.2540095618E-01    0.4056732727E-01    0.5897728091E-01    0.8030285531E-01    0.1041073774E+00    0.1298694370E+00    0.1570190844E+00    0.1849914491E+00    0.2132300692E+00    0.2412709530E+00    0.2687260471E+00    0.2952894530E+00    0.3207441619E+00    0.3449477131E+00    0.3678220708E+00    0.3893363286E+00
        0.1336547051    0.3022034493E-01    0.4825261495E-01    0.7013050210E-01    0.9545551657E-01    0.1236989824E+00    0.1542329450E+00    0.1863751470E+00    0.2194561394E+00    0.2528158344E+00    0.2859128614E+00    0.3182963149E+00    0.3496118390E+00    0.3796104282E+00    0.4081299202E+00    0.4350831425E+00    0.4604368090E+00
        0.1463370617    0.3362981760E-01    0.5378082739E-01    0.7831320431E-01    0.1068156804E+00    0.1387217232E+00    0.1733422130E+00    0.2099158607E+00    0.2476892080E+00    0.2859045536E+00    0.3239399493E+00    0.3612697901E+00    0.3974739470E+00    0.4322519586E+00    0.4654022237E+00    0.4968099946E+00    0.5264230843E+00
        0.1602228341    0.3598887147E-01    0.5775828126E-01    0.8445875235E-01    0.1157257263E+00    0.1510041339E+00    0.1895787103E+00    0.2306280364E+00    0.2733185304E+00    0.3167834512E+00    0.3603008344E+00    0.4032445922E+00    0.4451005753E+00    0.4854896908E+00    0.5241463490E+00    0.5609074255E+00    0.5956847751E+00
        0.1754262130    0.4070957082E-01    0.6546453157E-01    0.9594455132E-01    0.1317697206E+00    0.1723285834E+00    0.2168162706E+00    0.2642981349E+00    0.3138216472E+00    0.3643801612E+00    0.4151357241E+00    0.4653527735E+00    0.5144192938E+00    0.5618784201E+00    0.6074039461E+00    0.6507894928E+00    0.6919165160E+00
        0.1920722248    0.4778998606E-01    0.7685418162E-01    0.1126316720E+00    0.1546533819E+00    0.2021845259E+00    0.2542793670E+00    0.3098555902E+00    0.3678235627E+00    0.4270242943E+00    0.4865032197E+00    0.5454168684E+00    0.6030573969E+00    0.6588930728E+00    0.7125394865E+00    0.7637491974E+00    0.8123746818E+00
        0.2102977595    0.5244019191E-01    0.8466167223E-01    0.1246053027E+00    0.1718443591E+00    0.2256365354E+00    0.2849791350E+00    0.3486849069E+00    0.4155300707E+00    0.4841719610E+00    0.5534885460E+00    0.6224667724E+00    0.6902392530E+00    0.7561403819E+00    0.8196761640E+00    0.8805159536E+00    0.9384497670E+00
        0.2302526962    0.5703443236E-01    0.9256541351E-01    0.1370124806E+00    0.1900449672E+00    0.2509517733E+00    0.3186879870E+00    0.3919504413E+00    0.4693509345E+00    0.5493156514E+00    0.6305060886E+00    0.7116899612E+00    0.7917942222E+00    0.8699805476E+00    0.9456137108E+00    0.1018255743E+01    0.1087616021E+01
        0.2521011363    0.6529688734E-01    0.1060975111E+00    0.1572206092E+00    0.2183290547E+00    0.2886667211E+00    0.3670993092E+00    0.4521868481E+00    0.5423780837E+00    0.6358721356E+00    0.7311279135E+00    0.8267023464E+00    0.9213182281E+00    0.1013961874E+01    0.1103850076E+01    0.1190429239E+01    0.1273318517E+01
        0.2760227522    0.7131488949E-01    0.1165378014E+00    0.1737446276E+00    0.2427740597E+00    0.3229509408E+00    0.4131079853E+00    0.5116590704E+00    0.6168312152E+00    0.7265022367E+00    0.8388251537E+00    0.9520429747E+00    0.1064580293E+01    0.1175169416E+01    0.1282815959E+01    0.1386802964E+01    0.1486623818E+01
        0.3022142655    0.7902257637E-01    0.1297201144E+00    0.1943456327E+00    0.2729303904E+00    0.3648907656E+00    0.4690296016E+00    0.5836076839E+00    0.7066145941E+00    0.8355712429E+00    0.9682874386E+00    0.1102646324E+01    0.1236724184E+01    0.1368951808E+01    0.1498079744E+01    0.1623190515E+01    0.1743620069E+01
        0.3308910644    0.8743150052E-01    0.1442385770E+00    0.2172675592E+00    0.3068215926E+00    0.4124653226E+00    0.5329995732E+00    0.6665275430E+00    0.8107699637E+00    0.9628272019E+00    0.1120095827E+01    0.1280020333E+01    0.1440248713E+01    0.1598837724E+01    0.1754218777E+01    0.1905221533E+01    0.2050981355E+01
        0.3622889751    0.9611291718E-01    0.1595781460E+00    0.2420252949E+00    0.3441464905E+00    0.4657311518E+00    0.6056068739E+00    0.7617008568E+00    0.9314115402E+00    0.1111328761E+01    0.1298341395E+01    0.1489354134E+01    0.1681486955E+01    0.1872333630E+01    0.2059928476E+01    0.2242785113E+01    0.2419786186E+01
        0.3966662010    0.1057354816E+00    0.1767459934E+00    0.2700005898E+00    0.3867005475E+00    0.5269542294E+00    0.6896693409E+00    0.8726017172E+00    0.1072790211E+01    0.1286227721E+01    0.1509196447E+01    0.1737947176E+01    0.1968954015E+01    0.2199239408E+01    0.2426343282E+01    0.2648383328E+01    0.2863922524E+01
        0.4343054463    0.1163103865E+00    0.1958527094E+00    0.3015155316E+00    0.4351740390E+00    0.5973853280E+00    0.7872103953E+00    0.1002240602E+01    0.1239105793E+01    0.1493090703E+01    0.1759743363E+01    0.2034515754E+01    0.2313088112E+01    0.2591776643E+01    0.2867506331E+01    0.3137901046E+01    0.3401122165E+01
        0.4755162407    0.1274935242E+00    0.2165708581E+00    0.3364354671E+00    0.4898489058E+00    0.6779705589E+00    0.9000916199E+00    0.1153635388E+01    0.1434754208E+01    0.1737886160E+01    0.2057688901E+01    0.2388640129E+01    0.2725447826E+01    0.3063559892E+01    0.3399141302E+01    0.3729205299E+01    0.4051413481E+01
        0.5206374847    0.1398940547E+00    0.2398329356E+00    0.3761158616E+00    0.5526631324E+00    0.7714557238E+00    0.1032143387E+01    0.1332001863E+01    0.1666633419E+01    0.2029461129E+01    0.2414055980E+01    0.2813700612E+01    0.3221908017E+01    0.3633057673E+01    0.4042376698E+01    0.4446127227E+01    0.4841353274E+01
        0.5700402368    0.1534128050E+00    0.2656782746E+00    0.4209537753E+00    0.6246663400E+00    0.8798895985E+00    0.1186782149E+01    0.1542485542E+01    0.1941950607E+01    0.2377371346E+01    0.2840987330E+01    0.3324616772E+01    0.3820310026E+01    0.4321141150E+01    0.4821189809E+01    0.5315805177E+01    0.5801277620E+01
        0.6241307649    0.1681806707E+00    0.2944992746E+00    0.4718544343E+00    0.7076173635E+00    0.1006292089E+01    0.1368727377E+01    0.1791936564E+01    0.2270080671E+01    0.2793851869E+01    0.3353852461E+01    0.3940107724E+01    0.4542885147E+01    0.5153675505E+01    0.5765167168E+01    0.6371614177E+01    0.6968399742E+01
        0.6833538873    0.1843695202E+00    0.3267589829E+00    0.5298635818E+00    0.8035526246E+00    0.1154182281E+01    0.1583505569E+01    0.2088394714E+01    0.2662027807E+01    0.3293245844E+01    0.3970633239E+01    0.4682026105E+01    0.5415532097E+01    0.6160740217E+01    0.6908670612E+01    0.7652284771E+01    0.8385891490E+01
        0.7481966305    0.2021860439E+00    0.3630520793E+00    0.5963437298E+00    0.9151170261E+00    0.1328088707E+01    0.1838149904E+01    0.2441976562E+01    0.3131489872E+01    0.3893230457E+01    0.4713293712E+01    0.5576854445E+01    0.6469424656E+01    0.7378336375E+01    0.8292636103E+01    0.9203789905E+01    0.1010485833E+02
        0.8191922345    0.2218435587E+00    0.4040348847E+00    0.6728506801E+00    0.1045382845E+01    0.1533309487E+01    0.2140897525E+01    0.2864499346E+01    0.3694392077E+01    0.4614240985E+01    0.5607076034E+01    0.6654858836E+01    0.7740015033E+01    0.8847238687E+01    0.9963278922E+01    0.1107791412E+02    0.1218278741E+02
        0.8969245379    0.2436138983E+00    0.4505346179E+00    0.7613294091E+00    0.1198158681E+01    0.1776350410E+01    0.2501756976E+01    0.3370161309E+01    0.4369651415E+01    0.5480284918E+01    0.6681331016E+01    0.7950908262E+01    0.9267821731E+01    0.1061374023E+02    0.1197279003E+02    0.1333290380E+02    0.1468415841E+02
        0.9820327791    0.2678329562E+00    0.5035707748E+00    0.8641679464E+00    0.1378091221E+01    0.2065077494E+01    0.2932694431E+01    0.3975725687E+01    0.5179311932E+01    0.6518981718E+01    0.7969422838E+01    0.9504216109E+01    0.1109799146E+02    0.1272902989E+02    0.1437853152E+02    0.1603249125E+02    0.1767931078E+02
        1.0752168532    0.2948738142E+00    0.5643243033E+00    0.9841758273E+00    0.1590660314E+01    0.2408715420E+01    0.3447596061E+01    0.4700388254E+01    0.6148252900E+01    0.7761054628E+01    0.9507962524E+01    0.1135729090E+02    0.1327895823E+02    0.1524756424E+02    0.1724113263E+02    0.1924373341E+02    0.2124204546E+02
        1.1772430677    0.3252213500E+00    0.6342835668E+00    0.1124837296E+01    0.1842559189E+01    0.2818340308E+01    0.4062822494E+01    0.5566320085E+01    0.7304644015E+01    0.9240635902E+01    0.1133692183E+02    0.1355583880E+02    0.1586213076E+02    0.1822654871E+02    0.2062377759E+02    0.2303612351E+02    0.2544857602E+02
        1.2889504441    0.3594144538E+00    0.7151714531E+00    0.1290229985E+01    0.2141586795E+01    0.3306687301E+01    0.4796839095E+01    0.6598018162E+01    0.8678930014E+01    0.1099383162E+02    0.1349775881E+02    0.1614645908E+02    0.1889918494E+02    0.2172286446E+02    0.2458880319E+02    0.2747789456E+02    0.3037356575E+02
        1.4112576178    0.3981219949E+00    0.8091028002E+00    0.1485293716E+01    0.2497018398E+01    0.3888557584E+01    0.5670555407E+01    0.7822471589E+01    0.1030374811E+02    0.1305835844E+02    0.1603278179E+02    0.1917577057E+02    0.2244099979E+02    0.2579186286E+02    0.2919639154E+02    0.3263463970E+02    0.3608869188E+02
        1.5451703927    0.4421457688E+00    0.9186184484E+00    0.1715902147E+01    0.2919666316E+01    0.4580757902E+01    0.6707008567E+01    0.9268480611E+01    0.1221283303E+02    0.1547204836E+02    0.1898331371E+02    0.2268831967E+02    0.2653539543E+02    0.3048500969E+02    0.3450217695E+02    0.3856691674E+02    0.4266026332E+02
        1.6917900122    0.4924513474E+00    0.1046769097E+01    0.1988998382E+01    0.3421992236E+01    0.5402050842E+01    0.7931010820E+01    0.1096592094E+02    0.1443990292E+02    0.1827143436E+02    0.2238809734E+02    0.2672493440E+02    0.3122554996E+02    0.3584845070E+02    0.4055601506E+02    0.4532924156E+02    0.5014843685E+02
        1.8523222157    0.5501994905E+00    0.1197199691E+01    0.2312710466E+01    0.4018141044E+01    0.6372942047E+01    0.9368562855E+01    0.1294475848E+02    0.1701735898E+02    0.2149029209E+02    0.2628185999E+02    0.3132147797E+02    0.3654906793E+02    0.4192247088E+02    0.4740187048E+02    0.5297039654E+02    0.5860792140E+02
        2.0280871538    0.6167814429E+00    0.1374236717E+01    0.2696440929E+01    0.4723880670E+01    0.7515296066E+01    0.1104606358E+02    0.1523391502E+02    0.1997498684E+02    0.2515841089E+02    0.3069437825E+02    0.3650837932E+02    0.4253808046E+02    0.4874219690E+02    0.5507911670E+02    0.6153527513E+02    0.6809031147E+02
        2.2205302450    0.6938657675E+00    0.1582987677E+01    0.3150935578E+01    0.5556455496E+01    0.8851819011E+01    0.1298942187E+02    0.1786018141E+02    0.2333894527E+02    0.2930094339E+02    0.3565041245E+02    0.4231127997E+02    0.4922063836E+02    0.5633968559E+02    0.6362524868E+02    0.7106811173E+02    0.7864775200E+02
        2.4312340620    0.7834505356E+00    0.1829435992E+01    0.3688296537E+01    0.6534312738E+01    0.1040539685E+02    0.1522312001E+02    0.2084729240E+02    0.2713119216E+02    0.3393846613E+02    0.4117056172E+02    0.4875270401E+02    0.5662311195E+02    0.6474689239E+02    0.7307927615E+02    0.8161615705E+02    0.9033681195E+02
        2.6619313461    0.8879116070E+00    0.2120506608E+01    0.4321894559E+01    0.7676659712E+01    0.1219828893E+02    0.1776928648E+02    0.2421525330E+02    0.3136941094E+02    0.3908771262E+02    0.4727282647E+02    0.5585430759E+02    0.6477289787E+02    0.7399857502E+02    0.8348463942E+02    0.9323248651E+02    0.1032211515E+03
        2.9145192568    0.1010070088E+01    0.2464136323E+01    0.5066237446E+01    0.9002973245E+01    0.1425140022E+02    0.2064709433E+02    0.2798026798E+02    0.3606773786E+02    0.4476314951E+02    0.5397485921E+02    0.6363947614E+02    0.7370101282E+02    0.8413459817E+02    0.9489107948E+02    0.1059774342E+03    0.1173725963E+03
        3.1910749729    0.1153248134E+01    0.2869284021E+01    0.5936701737E+01    0.1053237578E+02    0.1658356463E+02    0.2387238475E+02    0.3215504952E+02    0.4123787406E+02    0.5097872874E+02    0.6129597252E+02    0.7213512232E+02    0.8344331663E+02    0.9520042329E+02    0.1073544081E+03    0.1199178513E+03    0.1328700968E+03
        3.4938727747    0.1321335903E+01    0.3345916560E+01    0.6949209365E+01    0.1228305123E+02    0.1921108955E+02    0.2745776349E+02    0.3674967503E+02    0.4689060741E+02    0.5774969254E+02    0.6925868027E+02    0.8137248667E+02    0.9404036963E+02    0.1072461662E+03    0.1209350233E+03    0.1351254752E+03    0.1497982200E+03
        3.8254027466    0.1518845991E+01    0.3904923848E+01    0.8119809803E+01    0.1427168766E+02    0.2214751517E+02    0.3141299633E+02    0.4177263410E+02    0.5303721837E+02    0.6509377107E+02    0.7788909842E+02    0.9138646632E+02    0.1055358522E+03    0.1203246355E+03    0.1356960101E+03    0.1516754567E+03    0.1682462181E+03
        4.1883912545    0.1750961282E+01    0.4557978184E+01    0.9464236362E+01    0.1651306594E+02    0.2540367099E+02    0.3574568229E+02    0.4723195415E+02    0.5969059349E+02    0.7303161756E+02    0.8721626620E+02    0.1022139894E+03    0.1179746150E+03    0.1344897813E+03    0.1517023315E+03    0.1696462575E+03    0.1883084088E+03
        4.5858233661    0.2023566128E+01    0.5317331471E+01    0.1099747083E+02    0.1901982465E+02    0.2898796074E+02    0.4046202784E+02    0.5313616925E+02    0.6686579878E+02    0.8158634983E+02    0.9727063418E+02    0.1138922038E+03    0.1314014479E+03    0.1497964380E+03    0.1690214060E+03    0.1891204629E+03    0.2100847497E+03
        5.0209673996    0.2343253067E+01    0.6195557596E+01    0.1273336168E+02    0.2180240567E+02    0.3290677824E+02    0.4556757826E+02    0.5949498898E+02    0.7458000332E+02    0.9078234134E+02    0.1080823624E+03    0.1264574387E+03    0.1458612489E+03    0.1663012100E+03    0.1877240192E+03    0.2101849531E+03    0.2336799238E+03
        5.4974018001    0.2717300152E+01    0.7205260897E+01    0.1468433966E+02    0.2486915461E+02    0.3716496250E+02    0.5106783281E+02    0.6631960504E+02    0.8285177545E+02    0.1006436897E+03    0.1196802682E+03    0.1399455062E+03    0.1614002081E+03    0.1840632706E+03    0.2078840040E+03    0.2329291189E+03    0.2591999972E+03
        6.0190445678    0.3153613642E+01    0.8358775318E+01    0.1686124872E+02    0.2822651280E+02    0.4176621799E+02    0.5696871208E+02    0.7362259102E+02    0.9169990288E+02    0.1111929987E+03    0.1320919974E+03    0.1543929316E+03    0.1780666331E+03    0.2031437006E+03    0.2295758023E+03    0.2574406242E+03    0.2867463641E+03
        6.5901854779    0.3660634275E+01    0.9667882777E+01    0.1927328558E+02    0.3187923216E+02    0.4671347330E+02    0.6327686566E+02    0.8141737675E+02    0.1011421057E+03    0.1224511298E+03    0.1453452489E+03    0.1698378826E+03    0.1959101851E+03    0.2236027620E+03    0.2528696787E+03    0.2837989631E+03    0.3164086387E+03
        7.2155213579    0.4247210537E+01    0.1114357830E+02    0.2192802191E+02    0.3583056571E+02    0.5200918529E+02    0.6999977130E+02    0.8971733411E+02    0.1111941939E+03    0.1344381247E+03    0.1594690232E+03    0.1863196756E+03    0.2149791738E+03    0.2454951421E+03    0.2778256701E+03    0.3120709682E+03    0.3482643734E+03
        7.9001947124    0.4922442827E+01    0.1279589242E+02    0.2483146089E+02    0.4008240664E+02    0.5765558640E+02    0.7714550116E+02    0.9853460801E+02    0.1218700824E+03    0.1471745456E+03    0.1744935702E+03    0.2038763702E+03    0.2353159663E+03    0.2688653218E+03    0.3044926872E+03    0.3423170174E+03    0.3823916266E+03
        8.6498360130    0.5695512683E+01    0.1463377965E+02    0.2798810415E+02    0.4463542312E+02    0.6365492710E+02    0.8472214167E+02    0.1078791473E+03    0.1331826735E+03    0.1606819469E+03    0.1904483630E+03    0.2225404529E+03    0.2569527089E+03    0.2937496606E+03    0.3329191670E+03    0.3746044579E+03    0.4188784521E+03
        9.4706100008    0.6575509295E+01    0.1666505968E+02    0.3140100271E+02    0.4948923596E+02    0.7000973512E+02    0.9273703875E+02    0.1177586407E+03    0.1451450836E+03    0.1749817780E+03    0.2073581724E+03    0.2423346095E+03    0.2799139777E+03    0.3201865037E+03    0.3631621372E+03    0.4090060155E+03    0.4578096463E+03
       10.3692663829    0.7571265355E+01    0.1889638810E+02    0.3507177263E+02    0.5464264317E+02    0.7672298537E+02    0.1011961611E+03    0.1281797776E+03    0.1577715144E+03    0.1900931535E+03    0.2252390841E+03    0.2632739950E+03    0.3042272466E+03    0.3482194563E+03    0.3952760224E+03    0.4455793496E+03    0.4992454214E+03
       11.3531953391    0.8691215322E+01    0.2133324033E+02    0.3900058350E+02    0.6009385793E+02    0.8379793710E+02    0.1101037912E+03    0.1391501264E+03    0.1710770515E+03    0.2060300865E+03    0.2440999106E+03    0.2853767053E+03    0.3299257172E+03    0.3778847338E+03    0.4292932559E+03    0.4843573678E+03    0.5432296091E+03
       12.4304882957    0.9943279660E+01    0.2397989217E+02    0.4318614923E+02    0.6584073149E+02    0.9123746218E+02    0.1194626392E+03    0.1506789850E+03    0.1850755243E+03    0.2227999277E+03    0.2639518153E+03    0.3086683194E+03    0.3570358269E+03    0.4092002825E+03    0.4652316653E+03    0.5253753476E+03    0.5898200004E+03
       13.6100044661    0.1133477669E+02    0.2683939465E+02    0.4762579027E+02    0.7188103200E+02    0.9904312362E+02    0.1292744605E+03    0.1627761012E+03    0.1997751447E+03    0.2404071707E+03    0.2848142182E+03    0.3331705423E+03    0.3855676255E+03    0.4421817894E+03    0.5031268143E+03    0.5686813561E+03    0.6390673297E+03
       14.9014437053    0.1287235459E+02    0.2991352973E+02    0.5231558849E+02    0.7821283966E+02    0.1072148109E+03    0.1395413762E+03    0.1754490332E+03    0.2151754315E+03    0.2588599438E+03    0.3067037734E+03    0.3588883769E+03    0.4155310024E+03    0.4768585161E+03    0.5430139701E+03    0.6143021407E+03    0.6909966092E+03
       16.3154262774    0.1456193711E+02    0.3320273876E+02    0.5725055481E+02    0.8483477332E+02    0.1157514427E+03    0.1502677690E+03    0.1887014927E+03    0.2312734231E+03    0.2781684257E+03    0.3296195074E+03    0.3858196709E+03    0.4469454899E+03    0.5132454526E+03    0.5848980442E+03    0.6622593728E+03    0.7456516208E+03
       17.8635801925    0.1640867523E+02    0.3670604149E+02    0.6242473103E+02    0.9174543892E+02    0.1246516974E+03    0.1614603838E+03    0.2025333550E+03    0.2480754054E+03    0.2983370286E+03    0.3535527366E+03    0.4139727858E+03    0.4798087305E+03    0.5513369418E+03    0.6287914072E+03    0.7125772140E+03    0.8030588276E+03
       19.5586368304    0.1841690055E+02    0.4042101119E+02    0.6783141488E+02    0.9894230398E+02    0.1339138702E+03    0.1731240287E+03    0.2169418685E+03    0.2655932825E+03    0.3193624942E+03    0.3785124110E+03    0.4433523923E+03    0.5141120676E+03    0.5911378616E+03    0.6746980604E+03    0.7652425372E+03    0.8632178707E+03
       21.4145356385    0.2059007183E+02    0.4434384077E+02    0.7346380774E+02    0.1064214291E+03    0.1435365107E+03    0.1852564547E+03    0.2319249161E+03    0.2838256589E+03    0.3412422200E+03    0.4045072276E+03    0.4739530337E+03    0.5498765515E+03    0.6326504786E+03    0.7226188575E+03    0.8202756222E+03    0.9261345285E+03
       23.4465387640    0.2293070556E+02    0.4846942175E+02    0.7931583306E+02    0.1141785628E+03    0.1535205083E+03    0.1978498081E+03    0.2474833919E+03    0.3027561249E+03    0.3639728985E+03    0.4315192620E+03    0.5057736041E+03    0.5870900335E+03    0.6758840205E+03    0.7725637764E+03    0.8776896090E+03    0.9918268999E+03
       25.6713565631    0.2544028894E+02    0.5279131655E+02    0.8538234904E+02    0.1222101694E+03    0.1638694880E+03    0.2108983014E+03    0.2636174390E+03    0.3223771301E+03    0.3875406634E+03    0.4595339768E+03    0.5387963056E+03    0.6257308863E+03    0.7208226743E+03    0.8245165730E+03    0.9374773816E+03    0.1060316451E+04
       28.1072850208    0.2811918893E+02    0.5730165505E+02    0.9165838739E+02    0.1305131778E+03    0.1745864339E+03    0.2244047158E+03    0.2803217384E+03    0.3426922649E+03    0.4119372958E+03    0.4885414166E+03    0.5730069964E+03    0.6657808268E+03    0.7674370902E+03    0.8784639672E+03    0.9995947840E+03    0.1131580221E+04
       30.7743562090    0.3096658615E+02    0.6199126670E+02    0.9813830351E+02    0.1390842950E+03    0.1856668705E+03    0.2383755235E+03    0.2975898594E+03    0.3636964506E+03    0.4371652852E+03    0.5185367598E+03    0.6083959941E+03    0.7072426505E+03    0.8157020712E+03    0.9343986035E+03    0.1064035462E+04    0.1205559129E+04
       33.6945030221    0.3398043140E+02    0.6685020569E+02    0.1048161789E+03    0.1479213144E+03    0.1970994226E+03    0.2528056250E+03    0.3154183717E+03    0.3853792365E+03    0.4632092032E+03    0.5495248570E+03    0.6449502495E+03    0.7501172394E+03    0.8656247906E+03    0.9922763739E+03    0.1130842739E+04    0.1282221978E+04
       36.8917395444    0.3715739228E+02    0.7186813327E+02    0.1116863395E+03    0.1570243370E+03    0.2088788816E+03    0.2676768083E+03    0.3337948431E+03    0.4077291176E+03    0.4900483175E+03    0.5814818603E+03    0.6826653195E+03    0.7943546354E+03    0.9172537701E+03    0.1052065335E+04    0.1199970905E+04    0.1361694728E+04
       40.3923585315    0.4049286031E+02    0.7703435708E+02    0.1187421076E+03    0.1663938909E+03    0.2210084112E+03    0.2829830337E+03    0.3527031066E+03    0.4307228138E+03    0.5176763501E+03    0.6143492746E+03    0.7215551500E+03    0.8399090036E+03    0.9704935166E+03    0.1113883000E+04    0.1271257866E+04    0.1443965873E+04
       44.2251476316    0.4398112767E+02    0.8233852384E+02    0.1259757300E+03    0.1760253663E+03    0.2334868680E+03    0.2987253856E+03    0.3721493989E+03    0.4543421171E+03    0.5460951762E+03    0.6481379940E+03    0.7615111011E+03    0.8868974465E+03    0.1025185869E+04    0.1177664738E+04    0.1344900379E+04    0.1528662660E+04
       48.4216261230    0.4761556203E+02    0.8777199907E+02    0.1333824327E+03    0.1859085535E+03    0.2463023407E+03    0.3148857997E+03    0.3921039909E+03    0.4786058640E+03    0.5752137149E+03    0.6829268386E+03    0.8024792746E+03    0.9352094163E+03    0.1081595802E+04    0.1243050989E+04    0.1420994082E+04    0.1616028543E+04
       53.0163041156    0.5138851131E+02    0.9332795137E+02    0.1409611133E+03    0.1960399137E+03    0.2594395282E+03    0.3314613721E+03    0.4125291520E+03    0.5034975937E+03    0.6050646669E+03    0.7185254380E+03    0.8447043684E+03    0.9845775822E+03    0.1139719218E+04    0.1310403628E+04    0.1498915296E+04    0.1706478835E+04
       58.0469663481    0.5529097315E+02    0.9900019211E+02    0.1487129306E+03    0.2064212460E+03    0.2729080588E+03    0.3484294248E+03    0.4334863693E+03    0.5288854813E+03    0.6357552671E+03    0.7548648671E+03    0.8879685930E+03    0.1035429073E+04    0.1198947946E+04    0.1379987351E+04    0.1578945582E+04    0.1799101631E+04
       63.5549829136    0.5931227683E+02    0.1047821229E+03    0.1566402515E+03    0.2170545770E+03    0.2867123892E+03    0.3657739916E+03    0.4549309145E+03    0.5548992971E+03    0.6670022435E+03    0.7923339832E+03    0.9319206684E+03    0.1087724653E+04    0.1259788390E+04    0.1450817483E+04    0.1661876356E+04    0.1893813013E+04
       69.5856494710    0.6344045412E+02    0.1106658565E+03    0.1647383729E+03    0.2279457853E+03    0.3008032710E+03    0.3835714888E+03    0.4767325561E+03    0.5816174118E+03    0.6988503152E+03    0.8305552069E+03    0.9772493749E+03    0.1140677095E+04    0.1322686776E+04    0.1523230395E+04    0.1746352002E+04    0.1992259997E+04
       76.1885597370    0.6766322988E+02    0.1166426271E+03    0.1730023123E+03    0.2390647239E+03    0.3152129812E+03    0.4016925506E+03    0.4991158867E+03    0.6086511087E+03    0.7317414692E+03    0.8692331578E+03    0.1023739491E+04    0.1195074907E+04    0.1386282287E+04    0.1598509269E+04    0.1832240641E+04    0.2092734434E+04
       83.4180133251    0.7196854164E+02    0.1227070348E+03    0.1814244555E+03    0.2503926117E+03    0.3299509832E+03    0.4200970976E+03    0.5219864951E+03    0.6362611282E+03    0.7650171975E+03    0.9092646501E+03    0.1070507074E+04    0.1251342079E+04    0.1451188351E+04    0.1674650143E+04    0.1921863707E+04    0.2194380259E+04
       91.3334622825    0.7634405064E+02    0.1288556425E+03    0.1899920992E+03    0.2619835670E+03    0.3448695745E+03    0.4390186827E+03    0.5449869327E+03    0.6647279694E+03    0.7986760065E+03    0.9500044645E+03    0.1118728503E+04    0.1307700459E+04    0.1518877700E+04    0.1751839616E+04    0.2012753076E+04    0.2300549928E+04
      100.0000000000    0.8077585475E+02    0.1350809705E+03    0.1987297120E+03    0.2737686876E+03    0.3601072358E+03    0.4581531419E+03    0.5686386118E+03    0.6931986299E+03    0.8336330104E+03    0.9907969979E+03    0.1168391262E+04    0.1365390419E+04    0.1586581807E+04    0.1832702172E+04    0.2104337013E+04    0.2408757742E+04
