               #####        1.2214027582        1.2883126428        1.3588879299        1.4333294146        1.5118488916        1.5946697582        1.6820276497        1.7741711096        1.8713622969        1.9738777322        2.0820090841        2.1960639990        2.3163669768        2.4432602937        2.5771049762        2.7182818285
        0.0010000000    0.2424767718E-06    0.2561743271E-06    0.2706456190E-06    0.2859343503E-06    0.3020866928E-06    0.3191514275E-06    0.3371800826E-06    0.3562271025E-06    0.3763499643E-06    0.3976095129E-06    0.4200698672E-06    0.4437988416E-06    0.4688681747E-06    0.4953534788E-06    0.5233347026E-06    0.5528964399E-06
        0.0010948890    0.3462420313E-06    0.3658011489E-06    0.3864650871E-06    0.4082962470E-06    0.4313605550E-06    0.4557276632E-06    0.4814711446E-06    0.5086687369E-06    0.5374025016E-06    0.5677593252E-06    0.5998307463E-06    0.6337135893E-06    0.6695102948E-06    0.7073288087E-06    0.7472832766E-06    0.7894944948E-06
        0.0011987818    0.4941882723E-06    0.5221045661E-06    0.5515977128E-06    0.5827567706E-06    0.6156758286E-06    0.6504542931E-06    0.6871971641E-06    0.7260153864E-06    0.7670260652E-06    0.8103532177E-06    0.8561274649E-06    0.9044869855E-06    0.9555779941E-06    0.1009554522E-05    0.1066579461E-05    0.1126825222E-05
        0.0013125330    0.7049842075E-06    0.7448077355E-06    0.7868806407E-06    0.8313299581E-06    0.8782898985E-06    0.9279022569E-06    0.9803168041E-06    0.1035691791E-05    0.1094194242E-05    0.1156001078E-05    0.1221298586E-05    0.1290283854E-05    0.1363165466E-05    0.1440163089E-05    0.1521509052E-05    0.1607449304E-05
        0.0014370779    0.1005098597E-05    0.1061874365E-05    0.1121856940E-05    0.1185227414E-05    0.1252177114E-05    0.1322908175E-05    0.1397634095E-05    0.1476580466E-05    0.1559985359E-05    0.1648101018E-05    0.1741192947E-05    0.1839542085E-05    0.1943445807E-05    0.2053217190E-05    0.2169187383E-05    0.2291707030E-05
        0.0015734408    0.1432005946E-05    0.1512895415E-05    0.1598353515E-05    0.1688638227E-05    0.1784022104E-05    0.1884793099E-05    0.1991255344E-05    0.2103730198E-05    0.2222556760E-05    0.2348094416E-05    0.2480721303E-05    0.2620837601E-05    0.2768866979E-05    0.2925255315E-05    0.3090474282E-05    0.3265023427E-05
        0.0017227429    0.2038678678E-05    0.2153834874E-05    0.2275494804E-05    0.2404025690E-05    0.2539815490E-05    0.2683274086E-05    0.2834834372E-05    0.2994953767E-05    0.3164114879E-05    0.3342829345E-05    0.3531635278E-05    0.3731102243E-05    0.3941833369E-05    0.4164463143E-05    0.4399662836E-05    0.4648143576E-05
        0.0018862122    0.2899864650E-05    0.3063661629E-05    0.3236708979E-05    0.3419528949E-05    0.3612673281E-05    0.3816724885E-05    0.4032299380E-05    0.4260047266E-05    0.4500654764E-05    0.4754849622E-05    0.5023396889E-05    0.5307106479E-05    0.5606836229E-05    0.5923488171E-05    0.6258016758E-05    0.6611433397E-05
        0.0020651929    0.4120832982E-05    0.4353588897E-05    0.4599488807E-05    0.4859274694E-05    0.5133730428E-05    0.5423684158E-05    0.5730010469E-05    0.6053633501E-05    0.6395527988E-05    0.6756728040E-05    0.7138320211E-05    0.7541454998E-05    0.7967351285E-05    0.8417290107E-05    0.8892627147E-05    0.9394799430E-05
        0.0022611570    0.5849518363E-05    0.6179903799E-05    0.6528945113E-05    0.6897695280E-05    0.7287266702E-05    0.7698834613E-05    0.8133640078E-05    0.8592994495E-05    0.9078280804E-05    0.9590966807E-05    0.1013259385E-04    0.1070479435E-04    0.1130929823E-04    0.1194792261E-04    0.1262259080E-04    0.1333534224E-04
        0.0024757158    0.8293323484E-05    0.8761717663E-05    0.9256558345E-05    0.9779337955E-05    0.1033163313E-04    0.1091510953E-04    0.1153152604E-04    0.1218274120E-04    0.1287071458E-04    0.1359752694E-04    0.1436536191E-04    0.1517653265E-04    0.1603349132E-04    0.1693881202E-04    0.1789521975E-04    0.1890560519E-04
        0.0027106339    0.1174227485E-04    0.1240542774E-04    0.1310601970E-04    0.1384616302E-04    0.1462808916E-04    0.1545415555E-04    0.1632685136E-04    0.1724880687E-04    0.1822279465E-04    0.1925176029E-04    0.2033879276E-04    0.2148716516E-04    0.2270034846E-04    0.2398198366E-04    0.2533592596E-04    0.2676626673E-04
        0.0029678432    0.1660079789E-04    0.1753828368E-04    0.1852868969E-04    0.1957500090E-04    0.2068037062E-04    0.2184813008E-04    0.2308179645E-04    0.2438508628E-04    0.2576191615E-04    0.2721644948E-04    0.2875304878E-04    0.3037633799E-04    0.3209122249E-04    0.3390284384E-04    0.3581664726E-04    0.3783841434E-04
        0.0032494587    0.2343111726E-04    0.2475423340E-04    0.2615202709E-04    0.2762870926E-04    0.2918872816E-04    0.3083678297E-04    0.3257783469E-04    0.3441712558E-04    0.3636017843E-04    0.3841286791E-04    0.4058134395E-04    0.4287212714E-04    0.4529213809E-04    0.4784862392E-04    0.5054926167E-04    0.5340220712E-04
        0.0035577965    0.3301223548E-04    0.3487622352E-04    0.3684539751E-04    0.3892568656E-04    0.4112335368E-04    0.4344501504E-04    0.4589765477E-04    0.4848865288E-04    0.5122578180E-04    0.5411731509E-04    0.5717190509E-04    0.6039872891E-04    0.6380753153E-04    0.6740850715E-04    0.7121245763E-04    0.7523086554E-04
        0.0038953921    0.4641964005E-04    0.4904039251E-04    0.5180900416E-04    0.5473380588E-04    0.5782359740E-04    0.6108767430E-04    0.6453584806E-04    0.6817848623E-04    0.7202650349E-04    0.7609152778E-04    0.8038570508E-04    0.8492192332E-04    0.8971387561E-04    0.9477586943E-04    0.1001230697E-03    0.1057716083E-03
        0.0042650218    0.6513237243E-04    0.6880916113E-04    0.7269333660E-04    0.7679657766E-04    0.8113121982E-04    0.8571029317E-04    0.9054754911E-04    0.9565751834E-04    0.1010554917E-03    0.1067577744E-03    0.1127813751E-03    0.1191443501E-03    0.1258658958E-03    0.1329660428E-03    0.1404660296E-03    0.1483884668E-03
        0.0046697254    0.9117589308E-04    0.9632212398E-04    0.1017585371E-03    0.1075014639E-03    0.1135681529E-03    0.1199768231E-03    0.1267466992E-03    0.1338980950E-03    0.1414523764E-03    0.1494323504E-03    0.1578617719E-03    0.1667658719E-03    0.1761714939E-03    0.1861066051E-03    0.1966008701E-03    0.2076858992E-03
        0.0051128308    0.1273112946E-03    0.1344958806E-03    0.1420854413E-03    0.1501027519E-03    0.1585718654E-03    0.1675181860E-03    0.1769685159E-03    0.1869511748E-03    0.1974959322E-03    0.2086346037E-03    0.2204002692E-03    0.2328280845E-03    0.2459554837E-03    0.2598213984E-03    0.2744671413E-03    0.2899367809E-03
        0.0055979820    0.1772838035E-03    0.1872864619E-03    0.1978527026E-03    0.2090141933E-03    0.2208043756E-03    0.2332585675E-03    0.2464140224E-03    0.2603101024E-03    0.2749881572E-03    0.2904924390E-03    0.3068688656E-03    0.3241662697E-03    0.3424366977E-03    0.3617341676E-03    0.3821160295E-03    0.4036435329E-03
        0.0061291687    0.2461460271E-03    0.2600306580E-03    0.2746972019E-03    0.2901895492E-03    0.3065540448E-03    0.3238396303E-03    0.3420979163E-03    0.3613834333E-03    0.3817534212E-03    0.4032692345E-03    0.4259943889E-03    0.4499964843E-03    0.4753476487E-03    0.5021225646E-03    0.5304005668E-03    0.5602665027E-03
        0.0067107592    0.3406737388E-03    0.3598850110E-03    0.3801775254E-03    0.4016119012E-03    0.4242521407E-03    0.4481658251E-03    0.4734242015E-03    0.5001025444E-03    0.5282797988E-03    0.5580407375E-03    0.5894728836E-03    0.6226694715E-03    0.6577301064E-03    0.6947576381E-03    0.7338613946E-03    0.7751584912E-03
        0.0073475362    0.4698935835E-03    0.4963828958E-03    0.5243620320E-03    0.5539144001E-03    0.5851280511E-03    0.6180959491E-03    0.6529160688E-03    0.6896919181E-03    0.7285319397E-03    0.7695528278E-03    0.8128746846E-03    0.8586255824E-03    0.9069425481E-03    0.9579666166E-03    0.1011847822E-02    0.1068747191E-02
        0.0080447363    0.6457419120E-03    0.6821299118E-03    0.7205627913E-03    0.7611548439E-03    0.8040267066E-03    0.8493057303E-03    0.8971260790E-03    0.9476294856E-03    0.1000964261E-02    0.1057290393E-02    0.1116771941E-02    0.1179584064E-02    0.1245914493E-02    0.1315955721E-02    0.1389912711E-02    0.1468005937E-02
        0.0088080930    0.8838703469E-03    0.9336539672E-03    0.9862325904E-03    0.1041762135E-02    0.1100407143E-02    0.1162341289E-02    0.1227747456E-02    0.1296818831E-02    0.1369757284E-02    0.1446781207E-02    0.1528113588E-02    0.1613992843E-02    0.1704675027E-02    0.1800421524E-02    0.1901510949E-02    0.2008243803E-02
        0.0096438838    0.1204603982E-02    0.1272416165E-02    0.1344031320E-02    0.1419661123E-02    0.1499528910E-02    0.1583870369E-02    0.1672933560E-02    0.1766980499E-02    0.1866284523E-02    0.1971142351E-02    0.2081855415E-02    0.2198746552E-02    0.2322163331E-02    0.2452458694E-02    0.2590009333E-02    0.2735222829E-02
        0.0105589819    0.1634038348E-02    0.1725967684E-02    0.1823045937E-02    0.1925558960E-02    0.2033808291E-02    0.2148112074E-02    0.2268804955E-02    0.2396240385E-02    0.2530786358E-02    0.2672843979E-02    0.2822818278E-02    0.2981143938E-02    0.3148290319E-02    0.3324731054E-02    0.3510972445E-02    0.3707564419E-02
        0.0115609128    0.2205225977E-02    0.2329200576E-02    0.2460108808E-02    0.2598334484E-02    0.2744282369E-02    0.2898379427E-02    0.3061074453E-02    0.3232841435E-02    0.3414172709E-02    0.3605607541E-02    0.3807686579E-02    0.4020991502E-02    0.4246152619E-02    0.4483801230E-02    0.4734613478E-02    0.4999327199E-02
        0.0126579159    0.2959346196E-02    0.3125579989E-02    0.3301095520E-02    0.3486404888E-02    0.3682047997E-02    0.3888594219E-02    0.4106641569E-02    0.4336821591E-02    0.4579788466E-02    0.4836262964E-02    0.5106961519E-02    0.5392657295E-02    0.5694191716E-02    0.6012399964E-02    0.6348178685E-02    0.6702511940E-02
        0.0138590124    0.3946667784E-02    0.4168156818E-02    0.4401989895E-02    0.4648845578E-02    0.4909439050E-02    0.5184524344E-02    0.5474892688E-02    0.5781379663E-02    0.6104847935E-02    0.6446254822E-02    0.6806542080E-02    0.7186729874E-02    0.7587934337E-02    0.8011251302E-02    0.8457860780E-02    0.8929066956E-02
        0.0151740797    0.5227006688E-02    0.5520046561E-02    0.5829384748E-02    0.6155913591E-02    0.6500573289E-02    0.6864354863E-02    0.7248297112E-02    0.7653497115E-02    0.8081083007E-02    0.8532317771E-02    0.9008428332E-02    0.9510750055E-02    0.1004075353E-01    0.1059986354E-01    0.1118962017E-01    0.1181174048E-01
        0.0166139325    0.6869275300E-02    0.7253949205E-02    0.7659970409E-02    0.8088502664E-02    0.8540771744E-02    0.9018069374E-02    0.9521747902E-02    0.1005323574E-01    0.1061399468E-01    0.1120567913E-01    0.1182987177E-01    0.1248830546E-01    0.1318290417E-01    0.1391550184E-01    0.1468809050E-01    0.1550291541E-01
        0.0181904113    0.8949686485E-02    0.9450250598E-02    0.9978527709E-02    0.1053602181E-01    0.1112431657E-01    0.1174508055E-01    0.1240005815E-01    0.1309109241E-01    0.1382005839E-01    0.1458910718E-01    0.1540025807E-01    0.1625573879E-01    0.1715804818E-01    0.1810952079E-01    0.1911270844E-01    0.2017052690E-01
        0.0199164806    0.1154835576E-01    0.1219343724E-01    0.1287414557E-01    0.1359240545E-01    0.1435024304E-01    0.1514979285E-01    0.1599328283E-01    0.1688306803E-01    0.1782152723E-01    0.1881143609E-01    0.1985533990E-01    0.2095607419E-01    0.2211686076E-01    0.2334063547E-01    0.2463063382E-01    0.2599061703E-01
        0.0218063349    0.1474464886E-01    0.1556719498E-01    0.1643505860E-01    0.1735067728E-01    0.1831661659E-01    0.1933557931E-01    0.2041038134E-01    0.2154400151E-01    0.2273942193E-01    0.2400019751E-01    0.2532949416E-01    0.2673088374E-01    0.2820849102E-01    0.2976595948E-01    0.3140734788E-01    0.3313747798E-01
        0.0238755154    0.1861283151E-01    0.1964983940E-01    0.2074384896E-01    0.2189791425E-01    0.2311524948E-01    0.2439924150E-01    0.2575341126E-01    0.2718148792E-01    0.2868716345E-01    0.3027495922E-01    0.3194875715E-01    0.3371300965E-01    0.3557296439E-01    0.3753307934E-01    0.3959839152E-01    0.4177505029E-01
        0.0261410384    0.2322128426E-01    0.2451352538E-01    0.2587665475E-01    0.2731445870E-01    0.2883092259E-01    0.3043024769E-01    0.3211679080E-01    0.3389517422E-01    0.3576991093E-01    0.3774671867E-01    0.3983028598E-01    0.4202610740E-01    0.4434082654E-01    0.4677981770E-01    0.4934926782E-01    0.5205699164E-01
        0.0286215345    0.2863998556E-01    0.3023220002E-01    0.3191162462E-01    0.3368290883E-01    0.3555094823E-01    0.3752090769E-01    0.3959812780E-01    0.4178828815E-01    0.4409683798E-01    0.4653098092E-01    0.4909629325E-01    0.5179949618E-01    0.5464897745E-01    0.5765111967E-01    0.6081345346E-01    0.6414589792E-01
        0.0313374022    0.3496070556E-01    0.3690298435E-01    0.3895155938E-01    0.4111209675E-01    0.4339056638E-01    0.4579327414E-01    0.4832671845E-01    0.5099783245E-01    0.5381312432E-01    0.5678166141E-01    0.5990997681E-01    0.6320623812E-01    0.6668103662E-01    0.7034184315E-01    0.7419776039E-01    0.7826139976E-01
        0.0343109759    0.4233130508E-01    0.4468245050E-01    0.4716228324E-01    0.4977767657E-01    0.5253587968E-01    0.5544456245E-01    0.5851159803E-01    0.6174542118E-01    0.6515373815E-01    0.6874799094E-01    0.7253572737E-01    0.7652683833E-01    0.8073474439E-01    0.8516807402E-01    0.8983778683E-01    0.9475999452E-01
        0.0375667089    0.5100090054E-01    0.5383437608E-01    0.5682313735E-01    0.5997551560E-01    0.6330030988E-01    0.6680685018E-01    0.7050467043E-01    0.7440403734E-01    0.7851402596E-01    0.8284916286E-01    0.8741806079E-01    0.9223270113E-01    0.9731020485E-01    0.1026604204E+00    0.1082965380E+00    0.1142392962E+00
        0.0411313750    0.6137041204E-01    0.6478319981E-01    0.6838351142E-01    0.7218147973E-01    0.7618782521E-01    0.8041394526E-01    0.8487142625E-01    0.8957282123E-01    0.9452879665E-01    0.9975796305E-01    0.1052700432E+00    0.1110796101E+00    0.1172087079E+00    0.1236684612E+00    0.1304747924E+00    0.1376546414E+00
        0.0450342886    0.7404547913E-01    0.7817001470E-01    0.8252209372E-01    0.8711412967E-01    0.9195928222E-01    0.9707158394E-01    0.1024652168E+00    0.1081556516E+00    0.1141554422E+00    0.1204886907E+00    0.1271662651E+00    0.1342060169E+00    0.1416366221E+00    0.1494705215E+00    0.1577270409E+00    0.1664415016E+00
        0.0493075457    0.8988766705E-01    0.9490681577E-01    0.1002043388E+00    0.1057955958E+00    0.1116969044E+00    0.1179257190E+00    0.1244995648E+00    0.1314376997E+00    0.1387549514E+00    0.1464828784E+00    0.1546334962E+00    0.1632288595E+00    0.1723066363E+00    0.1818805697E+00    0.1919742620E+00    0.2026343893E+00
        0.0539862877    0.1100313159E+00    0.1161945715E+00    0.1227018401E+00    0.1295723328E+00    0.1368265001E+00    0.1444862841E+00    0.1525735554E+00    0.1611125247E+00    0.1701207681E+00    0.1796399937E+00    0.1896832734E+00    0.2002780678E+00    0.2114742273E+00    0.2232866469E+00    0.2357442866E+00    0.2489091398E+00
        0.0591089906    0.1357511340E+00    0.1433839174E+00    0.1514457604E+00    0.1599609006E+00    0.1689551833E+00    0.1784564147E+00    0.1884920828E+00    0.1990928394E+00    0.2102795130E+00    0.2221075446E+00    0.2345907400E+00    0.2477634332E+00    0.2616918374E+00    0.2763915404E+00    0.2918980865E+00    0.3082939120E+00
        0.0647177816    0.1679562999E+00    0.1774419454E+00    0.1874648490E+00    0.1980556659E+00    0.2092471285E+00    0.2210745338E+00    0.2335724467E+00    0.2467796888E+00    0.2607207012E+00    0.2754691886E+00    0.2910388656E+00    0.3074725345E+00    0.3248579796E+00    0.3432104004E+00    0.3625731088E+00    0.3830553132E+00
        0.0708587849    0.2061469454E+00    0.2178520075E+00    0.2302255381E+00    0.2433060048E+00    0.2571345222E+00    0.2717555170E+00    0.2872120081E+00    0.3035526832E+00    0.3208054548E+00    0.3390675846E+00    0.3583509240E+00    0.3787081221E+00    0.4002545403E+00    0.4230028163E+00    0.4470047904E+00    0.4724037457E+00
        0.0775825017    0.2473290729E+00    0.2614698403E+00    0.2764261578E+00    0.2922453288E+00    0.3089779538E+00    0.3266788230E+00    0.3454002647E+00    0.3652020381E+00    0.3861144079E+00    0.4082637612E+00    0.4316568645E+00    0.4563568815E+00    0.4825130150E+00    0.5101316031E+00    0.5392728962E+00    0.5701219907E+00
        0.0849442250    0.2867424129E+00    0.3032920164E+00    0.3208081644E+00    0.3393473863E+00    0.3589702048E+00    0.3797423142E+00    0.4017253999E+00    0.4249907097E+00    0.4495685496E+00    0.4756198401E+00    0.5031414850E+00    0.5322069159E+00    0.5630052772E+00    0.5955313714E+00    0.6298528487E+00    0.6662044540E+00
        0.0930044946    0.3224807333E+00    0.3413290396E+00    0.3612953151E+00    0.3824454716E+00    0.4048501477E+00    0.4285862444E+00    0.4537245410E+00    0.4803479480E+00    0.5084839549E+00    0.5383338692E+00    0.5698792408E+00    0.6032034945E+00    0.6385425055E+00    0.6758740248E+00    0.7152724774E+00    0.7570313789E+00
        0.1018295948    0.3619357529E+00    0.3833980982E+00    0.4061530485E+00    0.4302770682E+00    0.4558522000E+00    0.4829680592E+00    0.5117054241E+00    0.5421604549E+00    0.5743558252E+00    0.6085421901E+00    0.6446809077E+00    0.6828672773E+00    0.7233946660E+00    0.7662197878E+00    0.8114261608E+00    0.8593805367E+00
        0.1114920997    0.4217836999E+00    0.4471010413E+00    0.4739563735E+00    0.5024400890E+00    0.5326493329E+00    0.5646906328E+00    0.5986582816E+00    0.6346664320E+00    0.6727326527E+00    0.7131730280E+00    0.7559247624E+00    0.8011011628E+00    0.8490726136E+00    0.8997726390E+00    0.9533010549E+00    0.1010123336E+01
        0.1220714697    0.5139469599E+00    0.5450193731E+00    0.5779790072E+00    0.6129353964E+00    0.6500066247E+00    0.6893228593E+00    0.7309978729E+00    0.7751717035E+00    0.8218577952E+00    0.8714618826E+00    0.9238930563E+00    0.9792929037E+00    0.1038138132E+01    0.1100337369E+01    0.1166017941E+01    0.1235781211E+01
        0.1336547051    0.6227380656E+00    0.6606336486E+00    0.7008290788E+00    0.7434575076E+00    0.7886632942E+00    0.8366067262E+00    0.8874270014E+00    0.9412981845E+00    0.9982309449E+00    0.1058745699E+01    0.1122719997E+01    0.1190334686E+01    0.1262202934E+01    0.1338207033E+01    0.1418513128E+01    0.1503895824E+01
        0.1463370617    0.7111696322E+00    0.7550040889E+00    0.8015240807E+00    0.8508888323E+00    0.9032723944E+00    0.9588697314E+00    0.1017850103E+01    0.1080428010E+01    0.1146613960E+01    0.1217060497E+01    0.1291613799E+01    0.1370503177E+01    0.1454499162E+01    0.1543459435E+01    0.1637598491E+01    0.1737889597E+01
        0.1602228341    0.7867889260E+00    0.8361733645E+00    0.8886439014E+00    0.9443928321E+00    0.1003632106E+01    0.1066600899E+01    0.1133508224E+01    0.1204620524E+01    0.1279955613E+01    0.1360320910E+01    0.1445535819E+01    0.1535891952E+01    0.1632343314E+01    0.1734728989E+01    0.1843326293E+01    0.1959820136E+01
        0.1754262130    0.9168507165E+00    0.9751113223E+00    0.1037077628E+01    0.1102992912E+01    0.1173126523E+01    0.1247783221E+01    0.1327231475E+01    0.1411812709E+01    0.1501560359E+01    0.1597490950E+01    0.1699393032E+01    0.1807643780E+01    0.1923872278E+01    0.2046919228E+01    0.2177718961E+01    0.2317777754E+01
        0.1920722248    0.1105222273E+01    0.1176049188E+01    0.1251460822E+01    0.1331771960E+01    0.1417331278E+01    0.1508532884E+01    0.1605725779E+01    0.1709351430E+01    0.1819464582E+01    0.1937735867E+01    0.2063050148E+01    0.2196403243E+01    0.2339312475E+01    0.2491560550E+01    0.2653617477E+01    0.2827395597E+01
        0.2102977595    0.1261270910E+01    0.1343824847E+01    0.1431914005E+01    0.1525938612E+01    0.1626341632E+01    0.1734072063E+01    0.1848560270E+01    0.1970958420E+01    0.2101354947E+01    0.2241345599E+01    0.2390649827E+01    0.2549893756E+01    0.2720961049E+01    0.2903633618E+01    0.3098534539E+01    0.3308041158E+01
        0.2302526962    0.1435233063E+01    0.1531691657E+01    0.1635274775E+01    0.1745606847E+01    0.1863766410E+01    0.1990383444E+01    0.2126026010E+01    0.2271403907E+01    0.2426667089E+01    0.2593786675E+01    0.2772478196E+01    0.2963557047E+01    0.3169356141E+01    0.3389688963E+01    0.3625390140E+01    0.3879406873E+01
        0.2521011363    0.1710619272E+01    0.1827818343E+01    0.1953464921E+01    0.2088208520E+01    0.2232767630E+01    0.2387951487E+01    0.2554496718E+01    0.2733318938E+01    0.2924649733E+01    0.3130967700E+01    0.3351979519E+01    0.3588753530E+01    0.3844228652E+01    0.4118254989E+01    0.4411947374E+01    0.4729021308E+01
        0.2760227522    0.1972904228E+01    0.2112447707E+01    0.2262430130E+01    0.2423684090E+01    0.2597131076E+01    0.2783808069E+01    0.2984672211E+01    0.3200903339E+01    0.3432873189E+01    0.3683650094E+01    0.3952997239E+01    0.4242320565E+01    0.4555266861E+01    0.4891814243E+01    0.5253467330E+01    0.5644838976E+01
        0.3022142655    0.2315155401E+01    0.2483910442E+01    0.2665720538E+01    0.2861659915E+01    0.3072917680E+01    0.3300830438E+01    0.3546647952E+01    0.3811898195E+01    0.4097152632E+01    0.4406229393E+01    0.4738993764E+01    0.5097300063E+01    0.5485695928E+01    0.5904359353E+01    0.6355317204E+01    0.6844324998E+01
        0.3308910644    0.2730108450E+01    0.2935383859E+01    0.3157073135E+01    0.3396566634E+01    0.3655403258E+01    0.3935310341E+01    0.4237924045E+01    0.4565227775E+01    0.4918082068E+01    0.5301236624E+01    0.5714741920E+01    0.6161046697E+01    0.6645820457E+01    0.7169562177E+01    0.7735000712E+01    0.8349316406E+01
        0.3622889751    0.3224037878E+01    0.3474530780E+01    0.3745730432E+01    0.4039439879E+01    0.4357654182E+01    0.4702608918E+01    0.5076449743E+01    0.5481754533E+01    0.5919800725E+01    0.6396483884E+01    0.6912169521E+01    0.7470093309E+01    0.8077309028E+01    0.8734818935E+01    0.9446294712E+01    0.1022067851E+02
        0.3966662010    0.3833199248E+01    0.4140769669E+01    0.4474571222E+01    0.4836945046E+01    0.5230480430E+01    0.5658073716E+01    0.6122539683E+01    0.6627231002E+01    0.7174007591E+01    0.7770189944E+01    0.8416625148E+01    0.9117584752E+01    0.9881849461E+01    0.1071115863E+02    0.1161043777E+02    0.1259083476E+02
        0.4343054463    0.4583671315E+01    0.4963154262E+01    0.5375956795E+01    0.5825119156E+01    0.6314002061E+01    0.6846358149E+01    0.7425877525E+01    0.8056919406E+01    0.8742147938E+01    0.9490652806E+01    0.1030399186E+02    0.1118779492E+02    0.1215299523E+02    0.1320238743E+02    0.1434255678E+02    0.1558741426E+02
        0.4755162407    0.5497552684E+01    0.5966976309E+01    0.6478769632E+01    0.7036877746E+01    0.7645659089E+01    0.8309971827E+01    0.9034647352E+01    0.9825347937E+01    0.1068584320E+02    0.1162740337E+02    0.1265262093E+02    0.1376890144E+02    0.1498984441E+02    0.1631974251E+02    0.1776737258E+02    0.1935009049E+02
        0.5206374847    0.6629317896E+01    0.7211902258E+01    0.7848396781E+01    0.8543912164E+01    0.9304091534E+01    0.1013521495E+02    0.1104359276E+02    0.1203656718E+02    0.1311939693E+02    0.1430605899E+02    0.1560058956E+02    0.1701270143E+02    0.1855932165E+02    0.2024680267E+02    0.2208679186E+02    0.2410097951E+02
        0.5700402368    0.8022345290E+01    0.8746469623E+01    0.9539136085E+01    0.1040694897E+02    0.1135719718E+02    0.1239798059E+02    0.1353751627E+02    0.1478530214E+02    0.1614858709E+02    0.1764469510E+02    0.1927964896E+02    0.2106614576E+02    0.2302525312E+02    0.2516612604E+02    0.2750415516E+02    0.3006647680E+02
        0.6241307649    0.9733959222E+01    0.1063435528E+02    0.1162173785E+02    0.1270461354E+02    0.1389236721E+02    0.1519541505E+02    0.1662441708E+02    0.1819162238E+02    0.1990691189E+02    0.2179174081E+02    0.2385481830E+02    0.2611267978E+02    0.2859154003E+02    0.3130431505E+02    0.3427124858E+02    0.3752632239E+02
        0.6833538873    0.1183237949E+02    0.1295117120E+02    0.1418004435E+02    0.1552991163E+02    0.1701280941E+02    0.1864208325E+02    0.2043150103E+02    0.2239680094E+02    0.2455130637E+02    0.2692156153E+02    0.2951984731E+02    0.3236760414E+02    0.3549743682E+02    0.3892723993E+02    0.4268350801E+02    0.4680882516E+02
        0.7481966305    0.1439440105E+02    0.1578200143E+02    0.1730837895E+02    0.1898746596E+02    0.2083462758E+02    0.2286688708E+02    0.2510193479E+02    0.2755990194E+02    0.3025856479E+02    0.3323071464E+02    0.3649330889E+02    0.4007401043E+02    0.4401333480E+02    0.4833568295E+02    0.5307554214E+02    0.5828628315E+02
        0.8191922345    0.1750530926E+02    0.1922123426E+02    0.2111128574E+02    0.2319315276E+02    0.2548634371E+02    0.2801246057E+02    0.3079410042E+02    0.3385687996E+02    0.3722426900E+02    0.4093669033E+02    0.4501713362E+02    0.4950108996E+02    0.5443882622E+02    0.5986313815E+02    0.6581864889E+02    0.7237219780E+02
        0.8969245379    0.2125786312E+02    0.2337137570E+02    0.2570215429E+02    0.2827251654E+02    0.3110707876E+02    0.3423308998E+02    0.3767922457E+02    0.4147788446E+02    0.4565972961E+02    0.5027444657E+02    0.5535269059E+02    0.6093970732E+02    0.6709771339E+02    0.7387019302E+02    0.8131450158E+02    0.8951418593E+02
        0.9820327791    0.2575022682E+02    0.2834073394E+02    0.3120063004E+02    0.3435787558E+02    0.3784331775E+02    0.4169109770E+02    0.4593733465E+02    0.5062273531E+02    0.5578691844E+02    0.6149072735E+02    0.6777441146E+02    0.7469524046E+02    0.8232996402E+02    0.9073548673E+02    0.9998498471E+02    0.1101825412E+03
        1.0752168532    0.3108287893E+02    0.3424003570E+02    0.3772890638E+02    0.4158425268E+02    0.4584443598E+02    0.5055191335E+02    0.5575181598E+02    0.6149489750E+02    0.6783177814E+02    0.7483661070E+02    0.8256146936E+02    0.9107826769E+02    0.1004812650E+03    0.1108439708E+03    0.1222589798E+03    0.1348553189E+03
        1.1772430677    0.3735709289E+02    0.4118070875E+02    0.4540977911E+02    0.5008716495E+02    0.5526017963E+02    0.6098119193E+02    0.6730610359E+02    0.7429767114E+02    0.8201981264E+02    0.9056239049E+02    0.9999182538E+02    0.1103976324E+03    0.1218949394E+03    0.1345774825E+03    0.1485613675E+03    0.1640054854E+03
        1.2889504441    0.4467134916E+02    0.4927109721E+02    0.5436264143E+02    0.5999836827E+02    0.6623612197E+02    0.7313993474E+02    0.8077841082E+02    0.8922845859E+02    0.9856980193E+02    0.1089106323E+03    0.1203345085E+03    0.1329518098E+03    0.1469022346E+03    0.1623037623E+03    0.1793005460E+03    0.1980866495E+03
        1.4112576178    0.5312064491E+02    0.5861580646E+02    0.6470285425E+02    0.7144523788E+02    0.7891303269E+02    0.8718381913E+02    0.9634098287E+02    0.1064778960E+03    0.1176927444E+03    0.1301148557E+03    0.1438479563E+03    0.1590268080E+03    0.1758196675E+03    0.1943730960E+03    0.2148641889E+03    0.2375277221E+03
        1.5451703927    0.6279616943E+02    0.6931556006E+02    0.7654179123E+02    0.8455100617E+02    0.9342731174E+02    0.1032638299E+03    0.1141609257E+03    0.1262308777E+03    0.1395930684E+03    0.1544009310E+03    0.1707815968E+03    0.1888979301E+03    0.2089509491E+03    0.2311203707E+03    0.2556213806E+03    0.2827350978E+03
        1.6917900122    0.7378690520E+02    0.8146915444E+02    0.8998917146E+02    0.9943750261E+02    0.1099141721E+03    0.1215299287E+03    0.1344044152E+03    0.1486713684E+03    0.1644741328E+03    0.1819933774E+03    0.2013830647E+03    0.2228380389E+03    0.2465964411E+03    0.2728758735E+03    0.3019349136E+03    0.3341066995E+03
        1.8523222157    0.8618246460E+02    0.9517671646E+02    0.1051567809E+03    0.1162293976E+03    0.1285124830E+03    0.1421365950E+03    0.1572430592E+03    0.1739897366E+03    0.1925467435E+03    0.2131253084E+03    0.2359098443E+03    0.2611312015E+03    0.2890691389E+03    0.3199839959E+03    0.3541831498E+03    0.3920575728E+03
        2.0280871538    0.1000764086E+03    0.1105433882E+03    0.1221625921E+03    0.1350588530E+03    0.1493700794E+03    0.1652489587E+03    0.1828610552E+03    0.2023911843E+03    0.2240391920E+03    0.2480504526E+03    0.2746436730E+03    0.3040899274E+03    0.3367152676E+03    0.3728277929E+03    0.4127892504E+03    0.4570546160E+03
        2.2205302450    0.1155690756E+03    0.1276823879E+03    0.1411341647E+03    0.1560694068E+03    0.1726483132E+03    0.1910482397E+03    0.2114617863E+03    0.2341038116E+03    0.2592071867E+03    0.2870553594E+03    0.3179054600E+03    0.3520733070E+03    0.3899362364E+03    0.4318554649E+03    0.4782530299E+03    0.5296546687E+03
        2.4312340620    0.1327689910E+03    0.1467165565E+03    0.1622104820E+03    0.1794182845E+03    0.1985250502E+03    0.2197356695E+03    0.2432729276E+03    0.2693851987E+03    0.2983422060E+03    0.3304698041E+03    0.3660680679E+03    0.4055025608E+03    0.4492074345E+03    0.4976029838E+03    0.5511781140E+03    0.6105368315E+03
        2.6619313461    0.1517927594E+03    0.1677784551E+03    0.1855424234E+03    0.2052774130E+03    0.2271963871E+03    0.2515350580E+03    0.2785500000E+03    0.3085270675E+03    0.3417772883E+03    0.3786737246E+03    0.4195644767E+03    0.4648705594E+03    0.5150892837E+03    0.5707068976E+03    0.6322867674E+03    0.7005195741E+03
        2.9145192568    0.1727648106E+03    0.1910105298E+03    0.2112934307E+03    0.2338346276E+03    0.2588783908E+03    0.2866950129E+03    0.3175789713E+03    0.3518581264E+03    0.3898898521E+03    0.4320998123E+03    0.4788900042E+03    0.5307435274E+03    0.5882282525E+03    0.6519044440E+03    0.7224188699E+03    0.8005584321E+03
        3.1910749729    0.1958179333E+03    0.2165661156E+03    0.2396408643E+03    0.2652952055E+03    0.2938085889E+03    0.3254901323E+03    0.3606768723E+03    0.3997438119E+03    0.4431002563E+03    0.4912306633E+03    0.5445977957E+03    0.6037545447E+03    0.6693479532E+03    0.7420217410E+03    0.8225165975E+03    0.9117265377E+03
        3.4938727747    0.2210953096E+03    0.2446115626E+03    0.2707779207E+03    0.2998832663E+03    0.3322465568E+03    0.3682205008E+03    0.4081899445E+03    0.4525828494E+03    0.5018666041E+03    0.5565915964E+03    0.6172893104E+03    0.6845912680E+03    0.7592335791E+03    0.8419542989E+03    0.9336001745E+03    0.1035184706E+04
        3.8254027466    0.2487524607E+03    0.2753276021E+03    0.3049141480E+03    0.3378412087E+03    0.3744720777E+03    0.4152083881E+03    0.4604886897E+03    0.5108004358E+03    0.5666758064E+03    0.6287392680E+03    0.6976001466E+03    0.7739786312E+03    0.8587110875E+03    0.9526421587E+03    0.1056738276E+04    0.1172147156E+04
        4.1883912545    0.2789572524E+03    0.3089083432E+03    0.3422733102E+03    0.3794263028E+03    0.4207802843E+03    0.4667917214E+03    0.5179594093E+03    0.5748375405E+03    0.6380305554E+03    0.7082464842E+03    0.7861829116E+03    0.8726599578E+03    0.9686266570E+03    0.1075047834E+04    0.1193024840E+04    0.1323857842E+04
        4.5858233661    0.3118867568E+03    0.3455568997E+03    0.3830876585E+03    0.4249034781E+03    0.4714728888E+03    0.5233137874E+03    0.5809925710E+03    0.6451383744E+03    0.7164370800E+03    0.7956912578E+03    0.8836980875E+03    0.9813899087E+03    0.1089842050E+04    0.1210154670E+04    0.1343581103E+04    0.1491594028E+04
        5.0209673996    0.3477205427E+03    0.3854772213E+03    0.4275885673E+03    0.4745353316E+03    0.5268484243E+03    0.5851148197E+03    0.6499770451E+03    0.7221486745E+03    0.8024081774E+03    0.8916639235E+03    0.9908243722E+03    0.1100947427E+04    0.1223249769E+04    0.1358983587E+04    0.1509572694E+04    0.1676681556E+04
        5.4974018001    0.3866318797E+03    0.4288655642E+03    0.4759996660E+03    0.5285783587E+03    0.5872027762E+03    0.6525375646E+03    0.7253107547E+03    0.8063305690E+03    0.8964791930E+03    0.9967818934E+03    0.1108271306E+04    0.1232145696E+04    0.1369779576E+04    0.1522595164E+04    0.1692206544E+04    0.1880489466E+04
        6.0190445678    0.4287850933E+03    0.4759121085E+03    0.5285431472E+03    0.5872933537E+03    0.6528421429E+03    0.7259405193E+03    0.8074114498E+03    0.8981681556E+03    0.9992070208E+03    0.1111682909E+04    0.1236767527E+04    0.1375815807E+04    0.1530378007E+04    0.1702065697E+04    0.1892704341E+04    0.2104404911E+04
        6.5901854779    0.4743465041E+03    0.5268141895E+03    0.5854523324E+03    0.6509542601E+03    0.7240856117E+03    0.8056926030E+03    0.8967030814E+03    0.9981463822E+03    0.1111144615E+04    0.1236997791E+04    0.1377033649E+04    0.1532781549E+04    0.1705986583E+04    0.1898470686E+04    0.2112294582E+04    0.2349833820E+04
        7.2155213579    0.5234950625E+03    0.5817805212E+03    0.6469678172E+03    0.7198361365E+03    0.8012461928E+03    0.8921495650E+03    0.9935904324E+03    0.1106727240E+04    0.1232823716E+04    0.1373342428E+04    0.1529783695E+04    0.1703869503E+04    0.1897560642E+04    0.2112912913E+04    0.2352248047E+04    0.2618231683E+04
        7.9001947124    0.5764135221E+03    0.6410160354E+03    0.7133187864E+03    0.7941965543E+03    0.8846161494E+03    0.9856470367E+03    0.1098463490E+04    0.1224368322E+04    0.1364783222E+04    0.1521347605E+04    0.1695751426E+04    0.1889929769E+04    0.2106081968E+04    0.2346522092E+04    0.2613859107E+04    0.2911075854E+04
        8.6498360130    0.6332698474E+03    0.7047087936E+03    0.7847201416E+03    0.8742854303E+03    0.9744896871E+03    0.1086532794E+04    0.1211732326E+04    0.1351549354E+04    0.1507576746E+04    0.1681648720E+04    0.1875666338E+04    0.2091801021E+04    0.2332514510E+04    0.2600405013E+04    0.2898398357E+04    0.3229832037E+04
        9.4706100008    0.6942211888E+03    0.7730467719E+03    0.8613977003E+03    0.9603710333E+03    0.1071180788E+04    0.1195168134E+04    0.1333808215E+04    0.1488735096E+04    0.1661732873E+04    0.1854854224E+04    0.2070233957E+04    0.2310302532E+04    0.2577809978E+04    0.2875669331E+04    0.3207154969E+04    0.3575989700E+04
       10.3692663829    0.7594370174E+03    0.8462304850E+03    0.9435820468E+03    0.1052715411E+04    0.1174984952E+04    0.1311888801E+04    0.1465076318E+04    0.1636374959E+04    0.1827782314E+04    0.2041585823E+04    0.2280177310E+04    0.2546271016E+04    0.2842937275E+04    0.3173432373E+04    0.3541412164E+04    0.3951024297E+04
       11.3531953391    0.8290847038E+03    0.9244440310E+03    0.1031478254E+04    0.1151554278E+04    0.1286179046E+04    0.1437026847E+04    0.1605932897E+04    0.1794938528E+04    0.2006264623E+04    0.2242463553E+04    0.2506208079E+04    0.2800528378E+04    0.3128843073E+04    0.3494785316E+04    0.3902436656E+04    0.4356404710E+04
       12.4304882957    0.9033152107E+03    0.1007861771E+04    0.1125296345E+04    0.1257134109E+04    0.1405053936E+04    0.1570912842E+04    0.1756755748E+04    0.1964852343E+04    0.2197679741E+04    0.2458077895E+04    0.2749021004E+04    0.3073889972E+04    0.3436475730E+04    0.3840837765E+04    0.4291505220E+04    0.4793600469E+04
       13.6100044661    0.9822879922E+03    0.1096672856E+04    0.1225251620E+04    0.1369696591E+04    0.1531879894E+04    0.1713855017E+04    0.1917907214E+04    0.2146544400E+04    0.2402532949E+04    0.2689004232E+04    0.3009292607E+04    0.3367134042E+04    0.3766751944E+04    0.4212647751E+04    0.4709856787E+04    0.5264062531E+04
       14.9014437053    0.1066145916E+04    0.1191045145E+04    0.1331531960E+04    0.1489475006E+04    0.1666927091E+04    0.1866183354E+04    0.2089752253E+04    0.2340438483E+04    0.2621292754E+04    0.2935805488E+04    0.3287662714E+04    0.3681016579E+04    0.4120550903E+04    0.4611241073E+04    0.5158699722E+04    0.5769173935E+04
       16.3154262774    0.1155025879E+04    0.1291136232E+04    0.1444332311E+04    0.1616684520E+04    0.1810453323E+04    0.2028183280E+04    0.2272643167E+04    0.2546945304E+04    0.2854447934E+04    0.3199035944E+04    0.3584767912E+04    0.4016283571E+04    0.4498707130E+04    0.5037620765E+04    0.5639159813E+04    0.6310292005E+04
       17.8635801925    0.1249073283E+04    0.1397095592E+04    0.1563832926E+04    0.1751522873E+04    0.1962704005E+04    0.2200131625E+04    0.2466912481E+04    0.2766430169E+04    0.3102457201E+04    0.3479208956E+04    0.3901251448E+04    0.4373632077E+04    0.4902094828E+04    0.5492725176E+04    0.6152381352E+04    0.6888697283E+04
       19.5586368304    0.1348417103E+04    0.1509092935E+04    0.1690202799E+04    0.1894210172E+04    0.2123894583E+04    0.2382311092E+04    0.2672851525E+04    0.2999278111E+04    0.3365706262E+04    0.3776840455E+04    0.4237647359E+04    0.4753772465E+04    0.5331472601E+04    0.5977513831E+04    0.6699447803E+04    0.7505636098E+04
       21.4145356385    0.1453201444E+04    0.1627296456E+04    0.1823629318E+04    0.2044950830E+04    0.2294273947E+04    0.2574975480E+04    0.2890783075E+04    0.3245814579E+04    0.3644630940E+04    0.4092358675E+04    0.4594521813E+04    0.5157298359E+04    0.5787568441E+04    0.6492855106E+04    0.7281310304E+04    0.8162372299E+04
       23.4465387640    0.1563568918E+04    0.1751858416E+04    0.1964306825E+04    0.2203960782E+04    0.2474082400E+04    0.2778416249E+04    0.3121000564E+04    0.3506409631E+04    0.3939609318E+04    0.4426231159E+04    0.4972406697E+04    0.5584772184E+04    0.6271148439E+04    0.7039422279E+04    0.7899030015E+04    0.8859817636E+04
       25.6713565631    0.1679637289E+04    0.1882899853E+04    0.2112403913E+04    0.2371426159E+04    0.2663560768E+04    0.2992904306E+04    0.3363821778E+04    0.3781447845E+04    0.4251004051E+04    0.4779000062E+04    0.5371686555E+04    0.6036958954E+04    0.6782664891E+04    0.7618221193E+04    0.8553281323E+04    0.9599138815E+04
       28.1072850208    0.1801526482E+04    0.2020522336E+04    0.2268079395E+04    0.2547465149E+04    0.2862956338E+04    0.3218583024E+04    0.3619642833E+04    0.4071099292E+04    0.4579422284E+04    0.5150860937E+04    0.5793189967E+04    0.6514130352E+04    0.7323077126E+04    0.8229784796E+04    0.9245005535E+04    0.1038136755E+05
       30.7743562090    0.1929294555E+04    0.2164985576E+04    0.2431359370E+04    0.2732400397E+04    0.3072249009E+04    0.3455879904E+04    0.3888416507E+04    0.4375942590E+04    0.4924855994E+04    0.5542538910E+04    0.6237098725E+04    0.7017044719E+04    0.7892991190E+04    0.8874700209E+04    0.9975402014E+04    0.1120692803E+05
       33.6945030221    0.2063129577E+04    0.2316406272E+04    0.2602540857E+04    0.2926339006E+04    0.3291814545E+04    0.3704890129E+04    0.4170539132E+04    0.4696126734E+04    0.5287641286E+04    0.5954418534E+04    0.6703558253E+04    0.7546581602E+04    0.8492248997E+04    0.9554508374E+04    0.1074418853E+05    0.1207770420E+05
       36.8917395444    0.2203374968E+04    0.2474650034E+04    0.2782061838E+04    0.3129181989E+04    0.3522237810E+04    0.3965497044E+04    0.4466813841E+04    0.5031378642E+04    0.5668895318E+04    0.6385891440E+04    0.7194122284E+04    0.8101748670E+04    0.9122843224E+04    0.1026815383E+05    0.1155332742E+05    0.1299350325E+05
       40.3923585315    0.2349746209E+04    0.2640326372E+04    0.2969434978E+04    0.3341812872E+04    0.3762840584E+04    0.4238937969E+04    0.4776366165E+04    0.5383374409E+04    0.6067526930E+04    0.6839067513E+04    0.7707542301E+04    0.8684818321E+04    0.9783721335E+04    0.1101736112E+05    0.1240287769E+05    0.1395442362E+05
       44.2251476316    0.2502226843E+04    0.2813500158E+04    0.3164979461E+04    0.3563999819E+04    0.4014297033E+04    0.4524700029E+04    0.5100211847E+04    0.5751446907E+04    0.6484813483E+04    0.7313413137E+04    0.8245037551E+04    0.9295911642E+04    0.1047533249E+05    0.1180376423E+05    0.1329148086E+05    0.1496450891E+05
       48.4216261230    0.2661908130E+04    0.2993327152E+04    0.3369856762E+04    0.3794907101E+04    0.4277787673E+04    0.4821975826E+04    0.5439610507E+04    0.6134649248E+04    0.6922308230E+04    0.7807493076E+04    0.8808971091E+04    0.9932623437E+04    0.1120168183E+05    0.1262335355E+05    0.1422548942E+05    0.1601770685E+05
       53.0163041156    0.2827972013E+04    0.3181354343E+04    0.3582479700E+04    0.4036850107E+04    0.4550991782E+04    0.5133798843E+04    0.5791506113E+04    0.6536858537E+04    0.7376109269E+04    0.8326323740E+04    0.9394297677E+04    0.1060144992E+05    0.1195613519E+05    0.1348431069E+05    0.1519660268E+05    0.1712369851E+05
       58.0469663481    0.3000050389E+04    0.3377738188E+04    0.3803683085E+04    0.4288820116E+04    0.4836179685E+04    0.5457863883E+04    0.6159664890E+04    0.6954378609E+04    0.7851499444E+04    0.8864704756E+04    0.1000779632E+05    0.1129560752E+05    0.1274685984E+05    0.1437857897E+05    0.1621396750E+05    0.1827418880E+05
       63.5549829136    0.3180580013E+04    0.3580205087E+04    0.4035763191E+04    0.4549197445E+04    0.5134812436E+04    0.5793780457E+04    0.6544287246E+04    0.7388304273E+04    0.8347179961E+04    0.9425237303E+04    0.1064671257E+05    0.1201911675E+05    0.1357013562E+05    0.1531115387E+05    0.1727374264E+05    0.1947370832E+05
       69.5856494710    0.3367259394E+04    0.3792143964E+04    0.4274580444E+04    0.4822702443E+04    0.5441779987E+04    0.6146816312E+04    0.6940142018E+04    0.7843908650E+04    0.8858469292E+04    0.1001298085E+05    0.1130722885E+05    0.1277680099E+05    0.1442267644E+05    0.1628675387E+05    0.1837212925E+05    0.2072764690E+05
       76.1885597370    0.3559990939E+04    0.4012839792E+04    0.4523293540E+04    0.5105356890E+04    0.5763582515E+04    0.6509926534E+04    0.7356626100E+04    0.8311626516E+04    0.9397040477E+04    0.1061636966E+05    0.1200270510E+05    0.1355540185E+05    0.1531917081E+05    0.1729050908E+05    0.1952534201E+05    0.2201952206E+05
       83.4180133251    0.3762764662E+04    0.4238783940E+04    0.4783904850E+04    0.5397019755E+04    0.6098224822E+04    0.6887798535E+04    0.7786595736E+04    0.8801528490E+04    0.9950143335E+04    0.1125085615E+05    0.1271482917E+05    0.1437551471E+05    0.1623626038E+05    0.1834795030E+05    0.2070592547E+05    0.2337933240E+05
       91.3334622825    0.3970522861E+04    0.4476757733E+04    0.5049502630E+04    0.5704204818E+04    0.6440491233E+04    0.7283399479E+04    0.8229859628E+04    0.9310235719E+04    0.1052523253E+05    0.1190466120E+05    0.1346059963E+05    0.1521580484E+05    0.1720140437E+05    0.1942794719E+05    0.2195122226E+05    0.2476702709E+05
      100.0000000000    0.4185682565E+04    0.4721956906E+04    0.5328730198E+04    0.6017508382E+04    0.6802403934E+04    0.7686273233E+04    0.8697370015E+04    0.9831158071E+04    0.1112714936E+05    0.1258024687E+05    0.1423363248E+05    0.1609237540E+05    0.1819275287E+05    0.2056320171E+05    0.2322181401E+05    0.2623155209E+05
